# year, month, Sea ice volume in m^3
1978.00 1.00 137046874505.34
1978.00 2.00 179374787441.51
1978.00 3.00 210005106159.36
1978.00 4.00 156576941817.66
1978.00 5.00 83073193700.66
1978.00 6.00 25878784756.95
1978.00 7.00 5008769187.09
1978.00 8.00 529947343.85
1978.00 9.00 303107150.72
1978.00 10.00 434894614.90
1978.00 11.00 5014118168.39
1978.00 12.00 25206922039.97
1979.00 1.00 61847251943.13
1979.00 2.00 96616950072.41
1979.00 3.00 123761516747.49
1979.00 4.00 54040552091.41
1979.00 5.00 17606121357.67
1979.00 6.00 4891460548.69
1979.00 7.00 872544144.54
1979.00 8.00 460419867.55
1979.00 9.00 491642291.21
1979.00 10.00 494613227.34
1979.00 11.00 1894475892.92
1979.00 12.00 18691756652.49
1980.00 1.00 51795704148.25
1980.00 2.00 86076854483.19
1980.00 3.00 104344890579.09
1980.00 4.00 66921502537.84
1980.00 5.00 17492946282.56
1980.00 6.00 1409261021.81
1980.00 7.00 345726969.35
1980.00 8.00 325829094.50
1980.00 9.00 267238894.56
1980.00 10.00 284081492.96
1980.00 11.00 1807813094.06
1980.00 12.00 14048929970.02
1981.00 1.00 53268433803.15
1981.00 2.00 84902875347.49
1981.00 3.00 87098768427.71
1981.00 4.00 81090535498.22
1981.00 5.00 33909486141.82
1981.00 6.00 4835540395.62
1981.00 7.00 1114662686.44
1981.00 8.00 381335578.68
1981.00 9.00 158727241.87
1981.00 10.00 487767383.22
1981.00 11.00 6616667861.31
1981.00 12.00 20421141912.98
1982.00 1.00 46180945474.31
1982.00 2.00 137193519355.09
1982.00 3.00 228251037109.96
1982.00 4.00 180102587807.97
1982.00 5.00 105892057899.41
1982.00 6.00 19991602688.68
1982.00 7.00 2051167118.60
1982.00 8.00 414783678.56
1982.00 9.00 376679859.99
1982.00 10.00 908979677.58
1982.00 11.00 13228878105.16
1982.00 12.00 91562419446.86
1983.00 1.00 283561102685.10
1983.00 2.00 405361217702.02
1983.00 3.00 406243664591.71
1983.00 4.00 283036693028.22
1983.00 5.00 119265547654.32
1983.00 6.00 26758410551.27
1983.00 7.00 4317450984.37
1983.00 8.00 462255418.50
1983.00 9.00 3171589968.32
1983.00 10.00 14196508467.62
1983.00 11.00 47004956601.16
1983.00 12.00 100173211571.58
1984.00 1.00 261692536442.68
1984.00 2.00 341429493306.97
1984.00 3.00 331244214172.72
1984.00 4.00 290255097105.12
1984.00 5.00 143183545158.34
1984.00 6.00 33866825045.87
1984.00 7.00 2829713220.59
1984.00 8.00 2624866625.39
1984.00 9.00 6367090641.48
1984.00 10.00 14451796906.94
1984.00 11.00 27525613810.98
1984.00 12.00 72628759069.00
1985.00 1.00 128969854122.30
1985.00 2.00 189747916296.16
1985.00 3.00 212399640265.12
1985.00 4.00 176027066184.24
1985.00 5.00 125031738240.88
1985.00 6.00 30793811633.49
1985.00 7.00 1071453182.90
1985.00 8.00 249273480.45
1985.00 9.00 202583191.52
1985.00 10.00 447276984.76
1985.00 11.00 2872685205.92
1985.00 12.00 14394955611.07
1986.00 1.00 54575951677.95
1986.00 2.00 85105323943.12
1986.00 3.00 112403831502.99
1986.00 4.00 74585377139.16
1986.00 5.00 18657607715.80
1986.00 6.00 4014594732.46
1986.00 7.00 737095765.99
1986.00 8.00 368064236.69
1986.00 9.00 156189820.53
1986.00 10.00 773763691.76
1986.00 11.00 9359480589.13
1986.00 12.00 47724835430.31
1987.00 1.00 97469014889.54
1987.00 2.00 136849939323.67
1987.00 3.00 140928048875.69
1987.00 4.00 119339558469.60
1987.00 5.00 39856136109.49
1987.00 6.00 9079359594.41
1987.00 7.00 1149524681.24
1987.00 8.00 223035187.73
1987.00 9.00 383440200.88
1987.00 10.00 682947428.57
1987.00 11.00 2870520970.47
1987.00 12.00 16652078525.07
1988.00 1.00 83521269344.25
1988.00 2.00 146882002765.43
1988.00 3.00 126593671012.02
1988.00 4.00 87596297288.59
1988.00 5.00 41001182753.37
1988.00 6.00 9026590409.40
1988.00 7.00 1332491673.06
1988.00 8.00 347785472.77
1988.00 9.00 417613358.93
1988.00 10.00 990311943.37
1988.00 11.00 2670007778.16
1988.00 12.00 17260029238.99
1989.00 1.00 91939953202.68
1989.00 2.00 192238267794.43
1989.00 3.00 214786475289.24
1989.00 4.00 148627904923.61
1989.00 5.00 52218617668.13
1989.00 6.00 9556135423.73
1989.00 7.00 1412055928.62
1989.00 8.00 143649044.94
1989.00 9.00 114244022.80
1989.00 10.00 409280704.69
1989.00 11.00 3537053085.45
1989.00 12.00 22937755857.53
1990.00 1.00 114622148298.80
1990.00 2.00 234849431014.89
1990.00 3.00 259684746797.88
1990.00 4.00 206276426168.64
1990.00 5.00 120640012286.54
1990.00 6.00 20365049776.56
1990.00 7.00 1039055845.55
1990.00 8.00 256664464.31
1990.00 9.00 333667827.62
1990.00 10.00 2933523305.34
1990.00 11.00 11844208510.68
1990.00 12.00 47599771844.08
1991.00 1.00 135358928046.25
1991.00 2.00 203732667202.80
1991.00 3.00 241071452056.23
1991.00 4.00 184065135190.33
1991.00 5.00 83306296746.16
1991.00 6.00 39304830268.83
1991.00 7.00 8915820481.35
1991.00 8.00 207090692.73
1991.00 9.00 101698203.55
1991.00 10.00 345374779.10
1991.00 11.00 2722212118.02
1991.00 12.00 21231543509.96
1992.00 1.00 84973891672.56
1992.00 2.00 170291408125.99
1992.00 3.00 162563084538.18
1992.00 4.00 130687936609.65
1992.00 5.00 94711424546.05
1992.00 6.00 26570964688.85
1992.00 7.00 3467485186.47
1992.00 8.00 757688097.50
1992.00 9.00 543161459.51
1992.00 10.00 347332936.53
1992.00 11.00 6550015107.82
1992.00 12.00 53323961273.61
1993.00 1.00 192908033017.16
1993.00 2.00 298468093373.17
1993.00 3.00 342359238829.90
1993.00 4.00 257118154375.60
1993.00 5.00 113186162456.41
1993.00 6.00 24217431797.63
1993.00 7.00 4653867297.48
1993.00 8.00 1895219000.90
1993.00 9.00 238978966.71
1993.00 10.00 475246265.67
1993.00 11.00 6643337526.00
1993.00 12.00 37311145478.53
1994.00 1.00 118996169252.69
1994.00 2.00 243062291387.46
1994.00 3.00 257404335467.08
1994.00 4.00 202073615609.49
1994.00 5.00 74315511243.82
1994.00 6.00 13961480836.08
1994.00 7.00 1742253775.42
1994.00 8.00 231855193.76
1994.00 9.00 1376026861.41
1994.00 10.00 8232150533.64
1994.00 11.00 20983398716.08
1994.00 12.00 51238517388.48
1995.00 1.00 125735515979.40
1995.00 2.00 201858439807.22
1995.00 3.00 220068132294.51
1995.00 4.00 145708086252.10
1995.00 5.00 44587399777.50
1995.00 6.00 4989091531.74
1995.00 7.00 455532126.24
1995.00 8.00 171086908.93
1995.00 9.00 125361010.35
1995.00 10.00 507243632.65
1995.00 11.00 2445690272.39
1995.00 12.00 14638526147.68
1996.00 1.00 64131704054.59
1996.00 2.00 121668770560.07
1996.00 3.00 125059377699.65
1996.00 4.00 77926461622.29
1996.00 5.00 18436408971.71
1996.00 6.00 2866933029.13
1996.00 7.00 351883042.06
1996.00 8.00 170556115.52
1996.00 9.00 137717904.79
1996.00 10.00 214669648.87
1996.00 11.00 3214147162.65
1996.00 12.00 15382438072.35
1997.00 1.00 54427614728.54
1997.00 2.00 147277212149.19
1997.00 3.00 186385044492.28
1997.00 4.00 140881261022.64
1997.00 5.00 54929590085.82
1997.00 6.00 15161976103.25
1997.00 7.00 954703997.48
1997.00 8.00 230917758.54
1997.00 9.00 207440561.92
1997.00 10.00 304090903.74
1997.00 11.00 3368434149.76
1997.00 12.00 17849768174.29
1998.00 1.00 74444800297.81
1998.00 2.00 132672485923.31
1998.00 3.00 154181881005.50
1998.00 4.00 126505712468.74
1998.00 5.00 70974972140.17
1998.00 6.00 8336146417.56
1998.00 7.00 386373717.10
1998.00 8.00 190686592.70
1998.00 9.00 184299239.90
1998.00 10.00 894762648.85
1998.00 11.00 5875409222.17
1998.00 12.00 26384815181.44
1999.00 1.00 88998370630.25
1999.00 2.00 167042119053.66
1999.00 3.00 232828085153.51
1999.00 4.00 206539772737.26
1999.00 5.00 148857703156.22
1999.00 6.00 52369836878.54
1999.00 7.00 6080487404.14
1999.00 8.00 482688429.73
1999.00 9.00 131357281.19
1999.00 10.00 697427679.93
1999.00 11.00 8508617680.15
1999.00 12.00 44526919874.68
2000.00 1.00 106725808090.77
2000.00 2.00 174826414155.40
2000.00 3.00 206223964081.68
2000.00 4.00 150705213572.29
2000.00 5.00 103368242325.62
2000.00 6.00 39120259162.97
2000.00 7.00 3781581081.86
2000.00 8.00 533255808.18
2000.00 9.00 199017086.79
2000.00 10.00 815527634.82
2000.00 11.00 6210742169.16
2000.00 12.00 25969925583.64
2001.00 1.00 85719301431.65
2001.00 2.00 170122361708.27
2001.00 3.00 165899292606.99
2001.00 4.00 161952781080.52
2001.00 5.00 86322391133.96
2001.00 6.00 25074642048.83
2001.00 7.00 3489108837.47
2001.00 8.00 240428651.92
2001.00 9.00 173990322.72
2001.00 10.00 692369011.21
2001.00 11.00 5833994626.71
2001.00 12.00 25267353107.43
2002.00 1.00 72743193487.31
2002.00 2.00 143665884479.47
2002.00 3.00 170076047832.69
2002.00 4.00 165109202511.58
2002.00 5.00 123551354421.52
2002.00 6.00 63786551393.89
2002.00 7.00 13916678514.70
2002.00 8.00 1558914343.03
2002.00 9.00 621178324.61
2002.00 10.00 1898958177.49
2002.00 11.00 10741301758.58
2002.00 12.00 29722940084.46
2003.00 1.00 59758358047.03
2003.00 2.00 141391521746.72
2003.00 3.00 171792218525.72
2003.00 4.00 143493998115.62
2003.00 5.00 81531179575.67
2003.00 6.00 19361161848.09
2003.00 7.00 2370874701.86
2003.00 8.00 527319017.91
2003.00 9.00 118729446.51
2003.00 10.00 724708776.98
2003.00 11.00 6026532291.20
2003.00 12.00 20085606437.25
2004.00 1.00 41223942881.54
2004.00 2.00 89202677204.99
2004.00 3.00 129240424037.30
2004.00 4.00 96997075982.04
2004.00 5.00 45995081628.45
2004.00 6.00 16889669939.56
2004.00 7.00 3889282783.39
2004.00 8.00 704089920.80
2004.00 9.00 325536722.70
2004.00 10.00 883691570.77
2004.00 11.00 5887664426.59
2004.00 12.00 27570490763.12
2005.00 1.00 88130868241.21
2005.00 2.00 132704319076.41
2005.00 3.00 93848399615.82
2005.00 4.00 71599063741.24
2005.00 5.00 38915500843.42
2005.00 6.00 9862606929.40
2005.00 7.00 989935640.49
2005.00 8.00 77164462.41
2005.00 9.00 54323738.83
2005.00 10.00 703488967.59
2005.00 11.00 6832801886.95
2005.00 12.00 24310863619.37
2006.00 1.00 71563616555.38
2006.00 2.00 113906389876.65
2006.00 3.00 116876397356.65
2006.00 4.00 113489425851.92
2006.00 5.00 49414298685.68
2006.00 6.00 18805907930.70
2006.00 7.00 2961925874.31
2006.00 8.00 261318937.17
2006.00 9.00 96745367.52
2006.00 10.00 708597584.63
2006.00 11.00 7315156254.02
2006.00 12.00 24139127464.53
2007.00 1.00 51722930934.54
2007.00 2.00 90614501218.94
2007.00 3.00 141498517326.70
2007.00 4.00 122012368352.11
2007.00 5.00 68161684241.04
2007.00 6.00 14687248893.16
2007.00 7.00 286167513.68
2007.00 8.00 235094.18
2007.00 9.00 13914465.40
2007.00 10.00 536604208.47
2007.00 11.00 2784874770.28
2007.00 12.00 25233244475.48
2008.00 1.00 116713830620.49
2008.00 2.00 203559410401.81
2008.00 3.00 243884669800.06
2008.00 4.00 154307722360.41
2008.00 5.00 77564895295.07
2008.00 6.00 22181972174.16
2008.00 7.00 2072399365.11
2008.00 8.00 387369824.72
2008.00 9.00 1974930299.42
2008.00 10.00 12465648920.72
2008.00 11.00 28944878623.22
2008.00 12.00 48237360931.11
2009.00 1.00 97579197266.11
2009.00 2.00 163869017465.99
2009.00 3.00 234528732414.05
2009.00 4.00 219717313164.65
2009.00 5.00 163894904228.43
2009.00 6.00 44092195682.27
2009.00 7.00 7543885948.28
2009.00 8.00 3176003054.96
2009.00 9.00 1708998228.68
2009.00 10.00 3408632220.60
2009.00 11.00 20470892866.81
2009.00 12.00 32770945367.90
2010.00 1.00 50729155116.39
2010.00 2.00 66585308027.23
2010.00 3.00 99992637942.76
2010.00 4.00 94198258399.09
2010.00 5.00 35087114088.00
2010.00 6.00 7710786275.47
2010.00 7.00 367113780.30
2010.00 8.00 75681110.76
2010.00 9.00 7992187.65
2010.00 10.00 57929437.07
2010.00 11.00 647704352.51
2010.00 12.00 3192422649.99
2011.00 1.00 20410370871.54
2011.00 2.00 52058099729.96
2011.00 3.00 94118510728.80
2011.00 4.00 95304983457.12
2011.00 5.00 45336534111.09
2011.00 6.00 12930658631.60
2011.00 7.00 3937403658.27
2011.00 8.00 634275705.66
2011.00 9.00 15721382.34
2011.00 10.00 228219020.76
2011.00 11.00 4627917669.16
2011.00 12.00 35156184131.89
2012.00 1.00 101361354043.55
2012.00 2.00 167281929784.90
2012.00 3.00 219982587921.65
2012.00 4.00 176930668391.76
2012.00 5.00 78028933755.48
2012.00 6.00 13482409751.71
2012.00 7.00 1255902276.35
2012.00 8.00 105808020.56
2012.00 9.00 14971390.46
2012.00 10.00 71629369.69
2012.00 11.00 4262206030.77
2012.00 12.00 21526870773.20
2013.00 1.00 70484147841.58
2013.00 2.00 138642403285.30
2013.00 3.00 129335688077.99
2013.00 4.00 120848672567.45
2013.00 5.00 83622968683.73
2013.00 6.00 31967186736.95
2013.00 7.00 2998865387.19
2013.00 8.00 290814648.00
2013.00 9.00 18834344.30
2013.00 10.00 181827299.87
2013.00 11.00 2370130355.60
2013.00 12.00 38699117250.78
2014.00 1.00 109878121129.44
2014.00 2.00 179841397643.43
2014.00 3.00 254408838335.86
2014.00 4.00 203008222367.28
2014.00 5.00 134787389444.89
2014.00 6.00 26451311378.93
2014.00 7.00 572841744.48
2014.00 8.00 198918026.52
2014.00 9.00 299064684.25
2014.00 10.00 260395755.97
2014.00 11.00 1797748572.82
2014.00 12.00 20774277162.43
2015.00 1.00 88176569774.05
2015.00 2.00 194139459439.62
2015.00 3.00 268561674279.11
2015.00 4.00 217018386056.94
2015.00 5.00 83056458925.50
2015.00 6.00 30244136601.56
2015.00 7.00 6187999995.08
2015.00 8.00 412706794.57
2015.00 9.00 32093554.00
2015.00 10.00 8568530021.48
2015.00 11.00 31671362283.24
2015.00 12.00 66422649328.62
2016.00 1.00 122051333214.70
2016.00 2.00 233026686269.31
2016.00 3.00 252105913628.63
2016.00 4.00 167442180489.57
2016.00 5.00 60614326795.81
2016.00 6.00 11805361329.14
2016.00 7.00 1958624727.69
2016.00 8.00 76152256.56
2016.00 9.00 1115694479.43
2016.00 10.00 2112969091.69
2016.00 11.00 6374073407.28
2016.00 12.00 22601389354.89
