# year, month, Sea ice volume in m^3
1978.00 1.00 1524248763529.99
1978.00 2.00 1706688415858.76
1978.00 3.00 1698451674382.59
1978.00 4.00 1597334320049.59
1978.00 5.00 1369439707572.01
1978.00 6.00 1083779194169.21
1978.00 7.00 813571185349.28
1978.00 8.00 548747912189.65
1978.00 9.00 563091487953.51
1978.00 10.00 803236415145.50
1978.00 11.00 1162418740854.20
1978.00 12.00 1399045263018.10
1979.00 1.00 1673844644682.10
1979.00 2.00 1651895218162.12
1979.00 3.00 1592322766317.45
1979.00 4.00 1317539268181.13
1979.00 5.00 1119554621376.36
1979.00 6.00 876923532479.35
1979.00 7.00 486623214937.45
1979.00 8.00 324720992712.69
1979.00 9.00 346170159650.35
1979.00 10.00 590165629677.16
1979.00 11.00 742673777142.76
1979.00 12.00 827616502415.85
1980.00 1.00 1001115876018.47
1980.00 2.00 1153725544046.20
1980.00 3.00 1226630845717.34
1980.00 4.00 1212463567657.73
1980.00 5.00 1145353170335.95
1980.00 6.00 986118326660.87
1980.00 7.00 807349831950.91
1980.00 8.00 622614725938.62
1980.00 9.00 623192077353.47
1980.00 10.00 911514737566.12
1980.00 11.00 1188082062728.46
1980.00 12.00 1372983823465.97
1981.00 1.00 1457816324085.51
1981.00 2.00 1450895132902.38
1981.00 3.00 1522462193433.58
1981.00 4.00 1507101768550.74
1981.00 5.00 1335493266734.01
1981.00 6.00 1269906578435.59
1981.00 7.00 977425484774.22
1981.00 8.00 629082938703.00
1981.00 9.00 492424401063.97
1981.00 10.00 761719426160.81
1981.00 11.00 927108501867.30
1981.00 12.00 1116432625890.27
1982.00 1.00 1364420239469.83
1982.00 2.00 1513357844545.31
1982.00 3.00 1455163958098.22
1982.00 4.00 1384813437438.25
1982.00 5.00 1225384273844.64
1982.00 6.00 1049326089460.51
1982.00 7.00 836667408522.58
1982.00 8.00 616292389849.11
1982.00 9.00 664700327349.99
1982.00 10.00 762398442718.83
1982.00 11.00 946373095503.72
1982.00 12.00 1110746417465.87
1983.00 1.00 1135920046163.17
1983.00 2.00 1220641480614.14
1983.00 3.00 1234213667388.73
1983.00 4.00 1101825093711.59
1983.00 5.00 975381429278.54
1983.00 6.00 861282818804.82
1983.00 7.00 607151482521.14
1983.00 8.00 566623097673.77
1983.00 9.00 689329325511.22
1983.00 10.00 874578544237.24
1983.00 11.00 1087783549500.74
1983.00 12.00 1231777771578.13
1984.00 1.00 1220087365110.86
1984.00 2.00 1248880457512.16
1984.00 3.00 1296313346751.98
1984.00 4.00 1159266975179.79
1984.00 5.00 1122238129772.84
1984.00 6.00 941105664550.64
1984.00 7.00 693574288304.91
1984.00 8.00 302471395238.61
1984.00 9.00 340117369434.81
1984.00 10.00 542878160670.37
1984.00 11.00 734867169023.89
1984.00 12.00 780321542475.24
1985.00 1.00 883247602911.81
1985.00 2.00 944563888574.99
1985.00 3.00 1030676167066.44
1985.00 4.00 1146267054636.27
1985.00 5.00 1051187378487.22
1985.00 6.00 779308914579.04
1985.00 7.00 310707632437.94
1985.00 8.00 117903487470.74
1985.00 9.00 257721665442.80
1985.00 10.00 525093679174.46
1985.00 11.00 754429551503.80
1985.00 12.00 913294943628.28
1986.00 1.00 1090164457951.14
1986.00 2.00 1153445258331.12
1986.00 3.00 1227532595015.37
1986.00 4.00 1273556062204.11
1986.00 5.00 1113899429731.91
1986.00 6.00 834646653150.53
1986.00 7.00 551694586125.70
1986.00 8.00 322888123284.09
1986.00 9.00 338259637479.80
1986.00 10.00 651558903973.54
1986.00 11.00 943287439230.25
1986.00 12.00 966859942900.77
1987.00 1.00 971847708625.73
1987.00 2.00 1301427296759.30
1987.00 3.00 1378103348545.91
1987.00 4.00 1216992033757.84
1987.00 5.00 1187529365130.49
1987.00 6.00 984433872350.46
1987.00 7.00 784439892695.73
1987.00 8.00 640764635909.05
1987.00 9.00 643584513400.82
1987.00 10.00 798037955027.82
1987.00 11.00 1046265761042.45
1987.00 12.00 1323304217805.31
1988.00 1.00 1604728638999.82
1988.00 2.00 1605641640809.54
1988.00 3.00 1651137969923.05
1988.00 4.00 1655885820990.64
1988.00 5.00 1328738346146.75
1988.00 6.00 1048639384445.88
1988.00 7.00 771613923067.29
1988.00 8.00 420111806595.96
1988.00 9.00 451025976744.66
1988.00 10.00 793797196598.91
1988.00 11.00 1148204300865.00
1988.00 12.00 1519262189944.24
1989.00 1.00 1735141440792.32
1989.00 2.00 1772800465644.99
1989.00 3.00 1707461075820.93
1989.00 4.00 1519061304815.12
1989.00 5.00 1368289198838.40
1989.00 6.00 1252307891974.44
1989.00 7.00 928339182786.28
1989.00 8.00 715644083181.36
1989.00 9.00 740404603676.89
1989.00 10.00 905353615558.74
1989.00 11.00 1073705736464.78
1989.00 12.00 1339301083689.87
1990.00 1.00 1182889364773.16
1990.00 2.00 1109029685463.76
1990.00 3.00 1327057105110.72
1990.00 4.00 1330555053731.92
1990.00 5.00 1302611999592.12
1990.00 6.00 1053380239653.50
1990.00 7.00 763803065143.40
1990.00 8.00 432009141311.65
1990.00 9.00 232099386762.00
1990.00 10.00 515903348738.95
1990.00 11.00 892231882578.60
1990.00 12.00 989084901692.06
1991.00 1.00 1002895972215.64
1991.00 2.00 1081577757493.83
1991.00 3.00 1133984158662.51
1991.00 4.00 1124617740550.94
1991.00 5.00 1082655406860.09
1991.00 6.00 863414702841.04
1991.00 7.00 566684586347.58
1991.00 8.00 287779646629.56
1991.00 9.00 309502490509.74
1991.00 10.00 580773381096.71
1991.00 11.00 899606432569.42
1991.00 12.00 1014879265481.08
1992.00 1.00 1177149272095.89
1992.00 2.00 1253078915638.76
1992.00 3.00 1277406402608.79
1992.00 4.00 1270046618372.25
1992.00 5.00 1175182085349.24
1992.00 6.00 1000634560978.82
1992.00 7.00 871866964703.96
1992.00 8.00 667168512445.78
1992.00 9.00 623704784241.84
1992.00 10.00 812565047608.71
1992.00 11.00 1055766377460.30
1992.00 12.00 1096741525475.03
1993.00 1.00 1170681333034.70
1993.00 2.00 1352572249165.39
1993.00 3.00 1349624865642.51
1993.00 4.00 1332569386009.95
1993.00 5.00 1291435166694.85
1993.00 6.00 1084808555257.28
1993.00 7.00 826038797926.14
1993.00 8.00 500355630958.97
1993.00 9.00 443709328831.13
1993.00 10.00 655268267422.37
1993.00 11.00 759964917869.21
1993.00 12.00 861859237915.93
1994.00 1.00 1042663426810.86
1994.00 2.00 1113868845846.61
1994.00 3.00 1082170806371.57
1994.00 4.00 995423797183.97
1994.00 5.00 942779237048.45
1994.00 6.00 749402515960.75
1994.00 7.00 433824814185.88
1994.00 8.00 262649187462.40
1994.00 9.00 438312912271.27
1994.00 10.00 827417914492.43
1994.00 11.00 1068083521672.20
1994.00 12.00 1125310668487.76
1995.00 1.00 1156199438498.28
1995.00 2.00 1274009934351.76
1995.00 3.00 1293940815191.60
1995.00 4.00 1510195478786.61
1995.00 5.00 1408215936688.95
1995.00 6.00 1098227405951.47
1995.00 7.00 911616886872.46
1995.00 8.00 822239315281.37
1995.00 9.00 799391640276.87
1995.00 10.00 887924858684.75
1995.00 11.00 1023139689650.73
1995.00 12.00 1099443999362.80
1996.00 1.00 1117107933373.84
1996.00 2.00 1183306604723.46
1996.00 3.00 1124535408899.53
1996.00 4.00 1214543062527.55
1996.00 5.00 1182904061400.26
1996.00 6.00 848107700005.81
1996.00 7.00 487770554243.13
1996.00 8.00 210937292609.47
1996.00 9.00 227595270331.76
1996.00 10.00 455643518045.02
1996.00 11.00 723274923507.38
1996.00 12.00 981585371695.74
1997.00 1.00 1214782997173.47
1997.00 2.00 1251093687002.51
1997.00 3.00 1249797828382.85
1997.00 4.00 1268484251483.99
1997.00 5.00 1257931929878.27
1997.00 6.00 948954437024.54
1997.00 7.00 606922406014.10
1997.00 8.00 368505414761.69
1997.00 9.00 415522894588.48
1997.00 10.00 696381012176.61
1997.00 11.00 969683502338.88
1997.00 12.00 1121223139816.24
1998.00 1.00 1222876841771.80
1998.00 2.00 1287448816627.91
1998.00 3.00 1327945112471.13
1998.00 4.00 1261435513569.93
1998.00 5.00 1136280678670.77
1998.00 6.00 1137256890760.24
1998.00 7.00 750779641378.44
1998.00 8.00 311957194088.73
1998.00 9.00 273253687268.41
1998.00 10.00 508931091800.08
1998.00 11.00 595555890825.50
1998.00 12.00 747189239299.92
1999.00 1.00 858528999587.96
1999.00 2.00 903222843877.01
1999.00 3.00 874412823404.44
1999.00 4.00 855982412598.85
1999.00 5.00 763021939131.10
1999.00 6.00 593021816568.84
1999.00 7.00 441728827469.54
1999.00 8.00 372096534899.55
1999.00 9.00 372334838466.10
1999.00 10.00 534811360110.41
1999.00 11.00 646398296450.34
1999.00 12.00 840747720313.78
2000.00 1.00 898781848385.01
2000.00 2.00 1008107408486.71
2000.00 3.00 1046318356836.28
2000.00 4.00 1162798766579.08
2000.00 5.00 1097767282004.20
2000.00 6.00 930674118678.51
2000.00 7.00 645027700540.93
2000.00 8.00 427939076847.37
2000.00 9.00 417076268056.13
2000.00 10.00 573205247459.10
2000.00 11.00 722123952874.78
2000.00 12.00 877654192844.65
2001.00 1.00 1043359197614.55
2001.00 2.00 1076148548405.65
2001.00 3.00 1262716939360.67
2001.00 4.00 1250397843345.45
2001.00 5.00 1056364290039.26
2001.00 6.00 748129398054.97
2001.00 7.00 382913601714.30
2001.00 8.00 204217234556.11
2001.00 9.00 175392549182.10
2001.00 10.00 430421726459.64
2001.00 11.00 849461833856.98
2001.00 12.00 1056274072054.01
2002.00 1.00 1235467091805.20
2002.00 2.00 1370683599215.18
2002.00 3.00 1417534636640.33
2002.00 4.00 1226766158209.47
2002.00 5.00 1065789535393.46
2002.00 6.00 777470942109.95
2002.00 7.00 460785872302.70
2002.00 8.00 281989765678.36
2002.00 9.00 296971571296.89
2002.00 10.00 356794971065.55
2002.00 11.00 587858085902.26
2002.00 12.00 684504284757.23
2003.00 1.00 846462968518.70
2003.00 2.00 1034477628269.43
2003.00 3.00 1213291581965.49
2003.00 4.00 1233150112366.47
2003.00 5.00 1206409495420.40
2003.00 6.00 1031779327496.97
2003.00 7.00 692408603236.67
2003.00 8.00 275113885209.00
2003.00 9.00 267620184125.01
2003.00 10.00 643331698794.92
2003.00 11.00 823758251850.90
2003.00 12.00 1042208911352.59
2004.00 1.00 1225532378697.61
2004.00 2.00 1302257500267.29
2004.00 3.00 1303754976856.91
2004.00 4.00 1080726783566.27
2004.00 5.00 932009235506.70
2004.00 6.00 785233569216.97
2004.00 7.00 436261628424.49
2004.00 8.00 141590878269.85
2004.00 9.00 174415537549.71
2004.00 10.00 344416689498.89
2004.00 11.00 575870768303.88
2004.00 12.00 746890512663.00
2005.00 1.00 879319596282.52
2005.00 2.00 978605479889.83
2005.00 3.00 1100873506425.65
2005.00 4.00 1025667575176.13
2005.00 5.00 901576774744.90
2005.00 6.00 753599935725.49
2005.00 7.00 409479809246.56
2005.00 8.00 320999145092.76
2005.00 9.00 414381569130.54
2005.00 10.00 643567043022.04
2005.00 11.00 782058734545.77
2005.00 12.00 803685081428.53
2006.00 1.00 738639358101.23
2006.00 2.00 785677324765.25
2006.00 3.00 910452016223.69
2006.00 4.00 838840907982.76
2006.00 5.00 738105537752.06
2006.00 6.00 588257817407.76
2006.00 7.00 382760299207.83
2006.00 8.00 269989843896.68
2006.00 9.00 342596629405.19
2006.00 10.00 574697260745.62
2006.00 11.00 739016139972.32
2006.00 12.00 824088605261.77
2007.00 1.00 883318568063.21
2007.00 2.00 931808993625.18
2007.00 3.00 904480717962.38
2007.00 4.00 979412731732.78
2007.00 5.00 954628589921.70
2007.00 6.00 829845550905.75
2007.00 7.00 551485924797.02
2007.00 8.00 386910865166.31
2007.00 9.00 464088110722.11
2007.00 10.00 614814859257.59
2007.00 11.00 694745694349.30
2007.00 12.00 803245216366.25
2008.00 1.00 880739089689.05
2008.00 2.00 949132143827.74
2008.00 3.00 972759835313.00
2008.00 4.00 1052763013228.46
2008.00 5.00 983299918828.64
2008.00 6.00 821420012490.97
2008.00 7.00 638372126787.71
2008.00 8.00 490558929644.98
2008.00 9.00 434402033468.69
2008.00 10.00 580580549430.63
2008.00 11.00 825489823033.19
2008.00 12.00 907283319362.41
2009.00 1.00 1069398484658.03
2009.00 2.00 1082153227373.41
2009.00 3.00 1177979179939.25
2009.00 4.00 1192813294692.71
2009.00 5.00 982877659492.41
2009.00 6.00 853763061433.94
2009.00 7.00 673697408401.79
2009.00 8.00 531755565382.42
2009.00 9.00 503862817759.26
2009.00 10.00 694658620110.34
2009.00 11.00 828022604953.28
2009.00 12.00 763871258799.36
2010.00 1.00 894824246656.15
2010.00 2.00 950174759288.24
2010.00 3.00 1044807867161.56
2010.00 4.00 979927236865.11
2010.00 5.00 818511713394.20
2010.00 6.00 639635235419.35
2010.00 7.00 392512518587.62
2010.00 8.00 189238396790.69
2010.00 9.00 252524038642.38
2010.00 10.00 396027893246.81
2010.00 11.00 663929646329.99
2010.00 12.00 813758480912.77
2011.00 1.00 934531088184.37
2011.00 2.00 889199563975.44
2011.00 3.00 1009130642737.59
2011.00 4.00 1123064915501.48
2011.00 5.00 980986471820.55
2011.00 6.00 893458215446.13
2011.00 7.00 683251983854.37
2011.00 8.00 390657322366.99
2011.00 9.00 314899830245.19
2011.00 10.00 440839264037.50
2011.00 11.00 615262683635.81
2011.00 12.00 778877063366.14
2012.00 1.00 829879591471.58
2012.00 2.00 892454766947.71
2012.00 3.00 953596729748.43
2012.00 4.00 1067520994925.76
2012.00 5.00 968768286716.35
2012.00 6.00 707767421594.92
2012.00 7.00 454401534309.99
2012.00 8.00 324571548572.58
2012.00 9.00 334129755398.21
2012.00 10.00 476261209961.94
2012.00 11.00 633912083147.04
2012.00 12.00 695569055873.95
2013.00 1.00 769525102685.20
2013.00 2.00 888223677495.16
2013.00 3.00 951180431906.73
2013.00 4.00 1032522580242.92
2013.00 5.00 919582347831.45
2013.00 6.00 612876119867.57
2013.00 7.00 305055334328.18
2013.00 8.00 222165294118.79
2013.00 9.00 155424132378.47
2013.00 10.00 288418590259.09
2013.00 11.00 550800168798.46
2013.00 12.00 732423213488.73
2014.00 1.00 712199286271.12
2014.00 2.00 733072717801.96
2014.00 3.00 876540327053.43
2014.00 4.00 1035628285465.82
2014.00 5.00 1012246637165.96
2014.00 6.00 807351624452.13
2014.00 7.00 466944246168.55
2014.00 8.00 377429755953.82
2014.00 9.00 387399597292.15
2014.00 10.00 557329543998.91
2014.00 11.00 777462015219.43
2014.00 12.00 910773454898.50
2015.00 1.00 1019442735199.84
2015.00 2.00 1086043534499.06
2015.00 3.00 1059680691389.47
2015.00 4.00 1023788024077.14
2015.00 5.00 968709538268.94
2015.00 6.00 818847076065.35
2015.00 7.00 553519456466.47
2015.00 8.00 305438062561.31
2015.00 9.00 311447253825.15
2015.00 10.00 352677852174.81
2015.00 11.00 537797971771.86
2015.00 12.00 663155860200.98
2016.00 1.00 730599706881.11
2016.00 2.00 778121492382.30
2016.00 3.00 825656162780.48
2016.00 4.00 822752692065.53
2016.00 5.00 707329209143.00
2016.00 6.00 515855970625.54
2016.00 7.00 282024923769.52
2016.00 8.00 176912938565.39
2016.00 9.00 186279636428.99
2016.00 10.00 287952789753.42
2016.00 11.00 321363053804.22
2016.00 12.00 456248248778.14
