# year, month, Sea ice area in m^2
1978.00 1.00 919776662406.04
1978.00 2.00 1005835128304.23
1978.00 3.00 996504693114.41
1978.00 4.00 932679439935.62
1978.00 5.00 784447437869.33
1978.00 6.00 587864949258.04
1978.00 7.00 423010782900.70
1978.00 8.00 307851309207.08
1978.00 9.00 345165338211.93
1978.00 10.00 447926027411.02
1978.00 11.00 583917549559.84
1978.00 12.00 753461826528.87
1979.00 1.00 897579401051.51
1979.00 2.00 898373308437.27
1979.00 3.00 810184741025.04
1979.00 4.00 707185104805.96
1979.00 5.00 592670913244.10
1979.00 6.00 427317813015.37
1979.00 7.00 265607022032.91
1979.00 8.00 172634519147.12
1979.00 9.00 196123241215.14
1979.00 10.00 296691229332.51
1979.00 11.00 401762461980.11
1979.00 12.00 511154966045.70
1980.00 1.00 630455928434.75
1980.00 2.00 718429629994.79
1980.00 3.00 704003000873.01
1980.00 4.00 631816742527.94
1980.00 5.00 527421328894.92
1980.00 6.00 422310825820.94
1980.00 7.00 330207305880.34
1980.00 8.00 267824866180.63
1980.00 9.00 304036762134.27
1980.00 10.00 425579725097.81
1980.00 11.00 581338967858.27
1980.00 12.00 730711461273.73
1981.00 1.00 798716301749.19
1981.00 2.00 768814669397.37
1981.00 3.00 747821438386.72
1981.00 4.00 688838056162.18
1981.00 5.00 596651083527.24
1981.00 6.00 488400092199.61
1981.00 7.00 367228275979.00
1981.00 8.00 256968286152.29
1981.00 9.00 263186558420.33
1981.00 10.00 404721191952.28
1981.00 11.00 540675662538.19
1981.00 12.00 717066315504.47
1982.00 1.00 847149273465.67
1982.00 2.00 826493818610.51
1982.00 3.00 735889257753.23
1982.00 4.00 672774140296.68
1982.00 5.00 569803520373.15
1982.00 6.00 464000139511.56
1982.00 7.00 345830158899.03
1982.00 8.00 268475855831.38
1982.00 9.00 333199588979.93
1982.00 10.00 403769532368.20
1982.00 11.00 500822554291.43
1982.00 12.00 587084646388.05
1983.00 1.00 623628021282.43
1983.00 2.00 680097523154.91
1983.00 3.00 671544887618.75
1983.00 4.00 607560493357.93
1983.00 5.00 496404289136.12
1983.00 6.00 377721398730.61
1983.00 7.00 252868014882.96
1983.00 8.00 216952871371.55
1983.00 9.00 275128420097.40
1983.00 10.00 393133156115.69
1983.00 11.00 537846818974.55
1983.00 12.00 625959754515.15
1984.00 1.00 594824796332.04
1984.00 2.00 561350446263.60
1984.00 3.00 583314667735.13
1984.00 4.00 528239017156.79
1984.00 5.00 459714520236.76
1984.00 6.00 360368787565.75
1984.00 7.00 243752647676.21
1984.00 8.00 147350938158.32
1984.00 9.00 184379724043.14
1984.00 10.00 309769677931.28
1984.00 11.00 397260619791.25
1984.00 12.00 410401669909.04
1985.00 1.00 486618725644.82
1985.00 2.00 581305231078.17
1985.00 3.00 633788978843.38
1985.00 4.00 669922249059.68
1985.00 5.00 562463094577.05
1985.00 6.00 399729428362.34
1985.00 7.00 186071513471.35
1985.00 8.00 85458183951.29
1985.00 9.00 155614472314.97
1985.00 10.00 335568560391.11
1985.00 11.00 489874625570.66
1985.00 12.00 654097412525.99
1986.00 1.00 773760547604.41
1986.00 2.00 820877836749.37
1986.00 3.00 819795566272.11
1986.00 4.00 804962212602.33
1986.00 5.00 646657344385.73
1986.00 6.00 447784841385.95
1986.00 7.00 283114490279.50
1986.00 8.00 184488542388.42
1986.00 9.00 218988612420.37
1986.00 10.00 336639927460.14
1986.00 11.00 452214161411.78
1986.00 12.00 526153260857.00
1987.00 1.00 633025281010.40
1987.00 2.00 786597735192.91
1987.00 3.00 779623013454.58
1987.00 4.00 662958844509.87
1987.00 5.00 548099311383.07
1987.00 6.00 415093760988.95
1987.00 7.00 310489040036.43
1987.00 8.00 271864841224.86
1987.00 9.00 332977584099.93
1987.00 10.00 454277830871.30
1987.00 11.00 589775238341.98
1987.00 12.00 709681396511.14
1988.00 1.00 775399469384.35
1988.00 2.00 794856242265.19
1988.00 3.00 855493397154.05
1988.00 4.00 823661044632.52
1988.00 5.00 610579555472.71
1988.00 6.00 433885636419.13
1988.00 7.00 301767213628.41
1988.00 8.00 210685859882.88
1988.00 9.00 276118108269.96
1988.00 10.00 462999125688.47
1988.00 11.00 674461502923.54
1988.00 12.00 892303341427.05
1989.00 1.00 930434544977.83
1989.00 2.00 860932633081.66
1989.00 3.00 786834832400.26
1989.00 4.00 669835578347.20
1989.00 5.00 578996186516.57
1989.00 6.00 475203919469.47
1989.00 7.00 342372250044.41
1989.00 8.00 273189732817.46
1989.00 9.00 312134037968.60
1989.00 10.00 406414885306.62
1989.00 11.00 542059210044.07
1989.00 12.00 701925457568.92
1990.00 1.00 641324044622.64
1990.00 2.00 578470707025.17
1990.00 3.00 615648489730.79
1990.00 4.00 595895839109.64
1990.00 5.00 508264596046.59
1990.00 6.00 380269973276.62
1990.00 7.00 266270230410.28
1990.00 8.00 156919322998.82
1990.00 9.00 140891852035.73
1990.00 10.00 304420909882.84
1990.00 11.00 455167172019.59
1990.00 12.00 523469318202.94
1991.00 1.00 542111320127.55
1991.00 2.00 579272122199.53
1991.00 3.00 602557521249.95
1991.00 4.00 598532515527.52
1991.00 5.00 505625256137.78
1991.00 6.00 374175165101.31
1991.00 7.00 233831874346.58
1991.00 8.00 133644894157.84
1991.00 9.00 178592675915.48
1991.00 10.00 340717273791.57
1991.00 11.00 479228506045.00
1991.00 12.00 563903365264.82
1992.00 1.00 642800600913.90
1992.00 2.00 694835576388.56
1992.00 3.00 697114278048.47
1992.00 4.00 652793630249.95
1992.00 5.00 559504073081.14
1992.00 6.00 438604869915.06
1992.00 7.00 345600440750.31
1992.00 8.00 281830555629.68
1992.00 9.00 304738857536.47
1992.00 10.00 401215824767.02
1992.00 11.00 476873290322.66
1992.00 12.00 528682149674.51
1993.00 1.00 590663278527.65
1993.00 2.00 648569463548.37
1993.00 3.00 643276162795.77
1993.00 4.00 590289912217.58
1993.00 5.00 539839467672.31
1993.00 6.00 448381476297.86
1993.00 7.00 324266525428.24
1993.00 8.00 231011522294.44
1993.00 9.00 289855791764.31
1993.00 10.00 407359696134.52
1993.00 11.00 448375933468.87
1993.00 12.00 500382168963.98
1994.00 1.00 555965621363.18
1994.00 2.00 578225623859.55
1994.00 3.00 586507203752.85
1994.00 4.00 531318409745.81
1994.00 5.00 472365392267.70
1994.00 6.00 370836910763.77
1994.00 7.00 260447376088.08
1994.00 8.00 217698940067.72
1994.00 9.00 314329104042.30
1994.00 10.00 486173480496.32
1994.00 11.00 576684153503.68
1994.00 12.00 570646879019.31
1995.00 1.00 589066056094.56
1995.00 2.00 630167230158.40
1995.00 3.00 631242629083.88
1995.00 4.00 635066167034.02
1995.00 5.00 577500433030.61
1995.00 6.00 442460891112.14
1995.00 7.00 334880911158.57
1995.00 8.00 290521534734.78
1995.00 9.00 324672615305.37
1995.00 10.00 404954751801.95
1995.00 11.00 535845550142.70
1995.00 12.00 619545147054.14
1996.00 1.00 657808016848.38
1996.00 2.00 697046029300.86
1996.00 3.00 666306379556.91
1996.00 4.00 665466302468.79
1996.00 5.00 607991522921.07
1996.00 6.00 425809297134.26
1996.00 7.00 244876014892.85
1996.00 8.00 125800144634.46
1996.00 9.00 155709832810.07
1996.00 10.00 292930643268.30
1996.00 11.00 465904745280.86
1996.00 12.00 706837948528.82
1997.00 1.00 897260375975.76
1997.00 2.00 899191159684.36
1997.00 3.00 828610677409.72
1997.00 4.00 756304779319.08
1997.00 5.00 674605855566.97
1997.00 6.00 538885957968.17
1997.00 7.00 382313394752.00
1997.00 8.00 279065175279.10
1997.00 9.00 312236637616.75
1997.00 10.00 437249266968.30
1997.00 11.00 601212662865.23
1997.00 12.00 723979460635.01
1998.00 1.00 818941958157.42
1998.00 2.00 833022329277.27
1998.00 3.00 780810611675.09
1998.00 4.00 698103997434.38
1998.00 5.00 611090692416.56
1998.00 6.00 522219189662.58
1998.00 7.00 379313305672.88
1998.00 8.00 256962201162.43
1998.00 9.00 298216850024.38
1998.00 10.00 402951037033.71
1998.00 11.00 471401887619.38
1998.00 12.00 563095792043.39
1999.00 1.00 624628785400.74
1999.00 2.00 644296066699.75
1999.00 3.00 618150934565.10
1999.00 4.00 604068165152.86
1999.00 5.00 496325735825.12
1999.00 6.00 377414024286.52
1999.00 7.00 288491205334.47
1999.00 8.00 250515248479.27
1999.00 9.00 294728447778.64
1999.00 10.00 397002405154.58
1999.00 11.00 479202290023.73
1999.00 12.00 560537295761.00
2000.00 1.00 605294539587.37
2000.00 2.00 671036717809.68
2000.00 3.00 692257053788.03
2000.00 4.00 693455200596.85
2000.00 5.00 626495153070.52
2000.00 6.00 521732233835.18
2000.00 7.00 362299660694.35
2000.00 8.00 256830392302.69
2000.00 9.00 280744638372.24
2000.00 10.00 371493398181.74
2000.00 11.00 477543052835.26
2000.00 12.00 589363597329.28
2001.00 1.00 697654536732.37
2001.00 2.00 765052446838.67
2001.00 3.00 851159234333.25
2001.00 4.00 827997812380.28
2001.00 5.00 672795226696.96
2001.00 6.00 473591816863.10
2001.00 7.00 273596900225.31
2001.00 8.00 157975816542.27
2001.00 9.00 170487886170.24
2001.00 10.00 321517442563.80
2001.00 11.00 489907062352.34
2001.00 12.00 586792442318.76
2002.00 1.00 706675722379.34
2002.00 2.00 781957073208.48
2002.00 3.00 792460613591.05
2002.00 4.00 683246987146.40
2002.00 5.00 569844511100.03
2002.00 6.00 392204813000.81
2002.00 7.00 208401621903.97
2002.00 8.00 128708378956.19
2002.00 9.00 168874901879.66
2002.00 10.00 276589720410.58
2002.00 11.00 427875033986.76
2002.00 12.00 523191133334.68
2003.00 1.00 641418146935.77
2003.00 2.00 659746992480.42
2003.00 3.00 677348076986.16
2003.00 4.00 640162374772.51
2003.00 5.00 588068215035.82
2003.00 6.00 467693508278.15
2003.00 7.00 296601284258.27
2003.00 8.00 163352351790.85
2003.00 9.00 189435610288.22
2003.00 10.00 342971383941.90
2003.00 11.00 467266398451.15
2003.00 12.00 624498418254.93
2004.00 1.00 706166021519.25
2004.00 2.00 754533767901.22
2004.00 3.00 688803545397.21
2004.00 4.00 574479438362.86
2004.00 5.00 476111468495.21
2004.00 6.00 383027141723.39
2004.00 7.00 235142072158.67
2004.00 8.00 131914467544.42
2004.00 9.00 163687306668.68
2004.00 10.00 297188095694.18
2004.00 11.00 445510191507.84
2004.00 12.00 542124544542.48
2005.00 1.00 574884836675.08
2005.00 2.00 646274088152.64
2005.00 3.00 716860045451.59
2005.00 4.00 663276482482.58
2005.00 5.00 567703537204.92
2005.00 6.00 457202315843.86
2005.00 7.00 310717135096.25
2005.00 8.00 250427021994.26
2005.00 9.00 329047440174.22
2005.00 10.00 457383568654.79
2005.00 11.00 537863049592.75
2005.00 12.00 554412655697.24
2006.00 1.00 539770635314.42
2006.00 2.00 593748206596.15
2006.00 3.00 643768805857.43
2006.00 4.00 561684873053.54
2006.00 5.00 466789096292.15
2006.00 6.00 380347453061.72
2006.00 7.00 275197389930.84
2006.00 8.00 215116191701.66
2006.00 9.00 275994127615.41
2006.00 10.00 407955711154.68
2006.00 11.00 498837331846.50
2006.00 12.00 529695596567.00
2007.00 1.00 620494983359.10
2007.00 2.00 670538180541.03
2007.00 3.00 648667116816.29
2007.00 4.00 689308254141.11
2007.00 5.00 604425167957.22
2007.00 6.00 521715773631.35
2007.00 7.00 365007346408.82
2007.00 8.00 258101513434.35
2007.00 9.00 295936112346.12
2007.00 10.00 428344601751.98
2007.00 11.00 506786246938.19
2007.00 12.00 588267316756.71
2008.00 1.00 624080698643.90
2008.00 2.00 652948636716.34
2008.00 3.00 662434703729.52
2008.00 4.00 703359098491.35
2008.00 5.00 638470591347.16
2008.00 6.00 535971819554.09
2008.00 7.00 387815631117.65
2008.00 8.00 263710311884.82
2008.00 9.00 214756335886.90
2008.00 10.00 313149027742.31
2008.00 11.00 496305800657.88
2008.00 12.00 588723682540.71
2009.00 1.00 727304014242.40
2009.00 2.00 728172562339.01
2009.00 3.00 768244908644.57
2009.00 4.00 758501484421.37
2009.00 5.00 572766051837.11
2009.00 6.00 473666066624.33
2009.00 7.00 356968619956.51
2009.00 8.00 312065864227.03
2009.00 9.00 281839666382.19
2009.00 10.00 427023609238.37
2009.00 11.00 526106087473.38
2009.00 12.00 540131250960.79
2010.00 1.00 642490637517.74
2010.00 2.00 690939668083.51
2010.00 3.00 765894088077.28
2010.00 4.00 691563857063.97
2010.00 5.00 579639508813.90
2010.00 6.00 464506365896.12
2010.00 7.00 304023538558.25
2010.00 8.00 187608854629.56
2010.00 9.00 233311577461.88
2010.00 10.00 342269668725.56
2010.00 11.00 537953681051.31
2010.00 12.00 663464352866.79
2011.00 1.00 717716562155.29
2011.00 2.00 662486810394.45
2011.00 3.00 711649185508.20
2011.00 4.00 699737464890.94
2011.00 5.00 576784668727.10
2011.00 6.00 533985065464.19
2011.00 7.00 395041055872.68
2011.00 8.00 252777726054.23
2011.00 9.00 254103373263.06
2011.00 10.00 386539961919.64
2011.00 11.00 503680469676.39
2011.00 12.00 597816676831.69
2012.00 1.00 576584318265.46
2012.00 2.00 633557105840.09
2012.00 3.00 623788043409.68
2012.00 4.00 702108511189.66
2012.00 5.00 667893465209.95
2012.00 6.00 545874552934.94
2012.00 7.00 331710376998.01
2012.00 8.00 213470479362.57
2012.00 9.00 220724125975.17
2012.00 10.00 401133242089.90
2012.00 11.00 523284061664.93
2012.00 12.00 570188604569.64
2013.00 1.00 585306479645.18
2013.00 2.00 670927993482.43
2013.00 3.00 722944867284.31
2013.00 4.00 775765529871.29
2013.00 5.00 641655162694.33
2013.00 6.00 443125294507.60
2013.00 7.00 217498241856.87
2013.00 8.00 170315800102.82
2013.00 9.00 130983254855.07
2013.00 10.00 300789818593.24
2013.00 11.00 523344256415.66
2013.00 12.00 617913592217.13
2014.00 1.00 561028419059.96
2014.00 2.00 561272774736.15
2014.00 3.00 631762247802.43
2014.00 4.00 682428524655.48
2014.00 5.00 614721404155.46
2014.00 6.00 448478763866.65
2014.00 7.00 252858842758.05
2014.00 8.00 217276132442.26
2014.00 9.00 224702013596.34
2014.00 10.00 376518969855.03
2014.00 11.00 512041720418.13
2014.00 12.00 576097192971.28
2015.00 1.00 600643741549.94
2015.00 2.00 683329440157.79
2015.00 3.00 666601057221.86
2015.00 4.00 645965415783.43
2015.00 5.00 636361782854.03
2015.00 6.00 537316356073.76
2015.00 7.00 354221245081.87
2015.00 8.00 200403645301.65
2015.00 9.00 249578863641.62
2015.00 10.00 348623807308.59
2015.00 11.00 463663681617.55
2015.00 12.00 522395227766.78
2016.00 1.00 550380609189.58
2016.00 2.00 535760879768.70
2016.00 3.00 562007512859.22
2016.00 4.00 609103376219.72
2016.00 5.00 527065484314.03
2016.00 6.00 374335665066.82
2016.00 7.00 232646791275.73
2016.00 8.00 178511608439.71
2016.00 9.00 225024494360.30
2016.00 10.00 327563160346.36
2016.00 11.00 362270956676.60
2016.00 12.00 467290070665.25
