  319.50  320.50  321.50  322.50  323.50  324.50  325.50  326.50  327.50  328.50
  329.50  330.50  331.50  332.50  333.50  334.49  335.49  336.49  337.49  338.49
  339.49  340.49  341.49  342.49  343.49  344.49  345.49  346.49  347.49  348.49
  349.49  350.49  351.49  352.49  353.49  354.49  355.49  356.49  357.49  358.49
  359.49    0.49    1.49    2.49    3.49    4.49    5.49    6.49    7.49    8.49
    9.48   10.48   11.48   12.48   13.48   14.48   15.48   16.48   17.48   18.48
   19.48   20.48   21.48   22.48   23.48   24.48   25.48   26.48   27.48   28.48
   29.48   30.48   31.48   32.48   33.48   34.48   35.48   36.48   37.48   38.48
   39.48   40.48   41.48   42.48   43.48   44.48   45.48   46.48   47.48   48.48
   49.48   50.48   51.48   52.48   53.48   54.48   55.48   56.48   57.48   58.48
   59.48   60.48   61.48   62.48   63.48   64.48   65.48   66.48   67.48   68.48
   69.48   70.48   71.48   72.48   73.48   74.48   75.48   76.48   77.48   78.48
   79.48   80.48   81.48   82.48   83.48   84.48   85.48   86.48   87.48   88.48
   89.48   90.49   91.49   92.49   93.49   94.49   95.49   96.49   97.49   98.49
   99.49  100.49  101.49  102.49  103.49  104.49  105.49  106.49  107.49  108.49
  109.49  110.49  111.49  112.49  113.49  114.49  115.49  116.49  117.49  118.49
  119.49  120.49  121.49  122.49  123.49  124.50  125.50  126.50  127.50  128.50
  129.50  130.50  131.50  132.50  133.50  134.50  135.50  136.50  137.50  138.50
  139.50  140.50  141.50  142.50  143.50  144.50  145.50  146.50  147.50  148.50
  149.50  150.50  151.50  152.50  153.50  154.51  155.51  156.51  157.51  158.51
  159.51  160.51  161.51  162.51  163.51  164.51  165.51  166.51  167.51  168.51
  169.51  170.51  171.51  172.51  173.51  174.51  175.51  176.51  177.51  178.51
  179.51  180.51  181.51  182.51  183.51  184.51  185.51  186.51  187.51  188.52
  189.52  190.52  191.52  192.52  193.52  194.52  195.52  196.52  197.52  198.52
  199.52  200.52  201.52  202.52  203.52  204.52  205.52  206.52  207.52  208.52
  209.52  210.52  211.52  212.52  213.52  214.52  215.52  216.52  217.52  218.52
  219.52  220.52  221.52  222.52  223.52  224.52  225.52  226.52  227.52  228.52
  229.52  230.52  231.52  232.52  233.52  234.52  235.52  236.52  237.52  238.52
  239.52  240.52  241.52  242.52  243.52  244.52  245.52  246.52  247.52  248.52
  249.52  250.52  251.52  252.52  253.52  254.52  255.52  256.52  257.52  258.52
  259.52  260.52  261.52  262.52  263.52  264.52  265.52  266.52  267.52  268.52
  269.51  270.51  271.51  272.51  273.51  274.51  275.51  276.51  277.51  278.51
  279.51  280.51  281.51  282.51  283.51  284.51  285.51  286.51  287.51  288.51
  289.51  290.51  291.51  292.51  293.51  294.51  295.51  296.51  297.51  298.51
  299.51  300.51  301.51  302.51  303.51  304.50  305.50  306.50  307.50  308.50
  309.50  310.50  311.50  312.50  313.50  314.50  315.50  316.50  317.50  318.50
  319.50  320.50  321.50  322.50  323.50  324.50  325.50  326.49  327.49  328.49
  329.49  330.49  331.49  332.49  333.49  334.49  335.49  336.49  337.49  338.49
  339.48  340.48  341.48  342.48  343.48  344.48  345.48  346.48  347.48  348.48
  349.48  350.48  351.48  352.48  353.48  354.47  355.47  356.47  357.47  358.47
  359.47    0.47    1.47    2.47    3.47    4.47    5.47    6.47    7.47    8.47
    9.47   10.47   11.47   12.47   13.46   14.46   15.46   16.46   17.46   18.46
   19.46   20.46   21.46   22.46   23.46   24.46   25.46   26.46   27.46   28.46
   29.46   30.46   31.46   32.46   33.46   34.46   35.46   36.46   37.46   38.46
   39.46   40.46   41.46   42.46   43.46   44.46   45.46   46.46   47.46   48.46
   49.46   50.46   51.46   52.46   53.46   54.46   55.46   56.46   57.46   58.46
   59.46   60.46   61.46   62.46   63.46   64.46   65.46   66.46   67.46   68.46
   69.46   70.46   71.46   72.46   73.46   74.46   75.46   76.46   77.46   78.46
   79.46   80.46   81.46   82.46   83.46   84.46   85.46   86.46   87.47   88.47
   89.47   90.47   91.47   92.47   93.47   94.47   95.47   96.47   97.47   98.47
   99.47  100.47  101.47  102.47  103.47  104.47  105.48  106.48  107.48  108.48
  109.48  110.48  111.48  112.48  113.48  114.48  115.48  116.48  117.48  118.48
  119.49  120.49  121.49  122.49  123.49  124.49  125.49  126.49  127.49  128.49
  129.49  130.49  131.49  132.49  133.50  134.50  135.50  136.50  137.50  138.50
  139.50  140.50  141.50  142.50  143.50  144.50  145.51  146.51  147.51  148.51
  149.51  150.51  151.51  152.51  153.51  154.51  155.51  156.51  157.51  158.51
  159.52  160.52  161.52  162.52  163.52  164.52  165.52  166.52  167.52  168.52
  169.52  170.52  171.52  172.52  173.53  174.53  175.53  176.53  177.53  178.53
  179.53  180.53  181.53  182.53  183.53  184.53  185.53  186.53  187.53  188.53
  189.53  190.53  191.54  192.54  193.54  194.54  195.54  196.54  197.54  198.54
  199.54  200.54  201.54  202.54  203.54  204.54  205.54  206.54  207.54  208.54
  209.54  210.54  211.54  212.54  213.54  214.54  215.54  216.54  217.54  218.54
  219.54  220.54  221.54  222.54  223.54  224.54  225.54  226.54  227.54  228.54
  229.54  230.54  231.54  232.54  233.54  234.54  235.54  236.54  237.54  238.54
  239.54  240.54  241.54  242.54  243.54  244.54  245.54  246.54  247.54  248.54
  249.54  250.54  251.54  252.54  253.54  254.54  255.54  256.54  257.54  258.54
  259.54  260.54  261.54  262.54  263.54  264.54  265.53  266.53  267.53  268.53
  269.53  270.53  271.53  272.53  273.53  274.53  275.53  276.53  277.53  278.53
  279.53  280.53  281.53  282.53  283.53  284.52  285.52  286.52  287.52  288.52
  289.52  290.52  291.52  292.52  293.52  294.52  295.52  296.52  297.52  298.52
  299.51  300.51  301.51  302.51  303.51  304.51  305.51  306.51  307.51  308.51
  309.51  310.51  311.51  312.50  313.50  314.50  315.50  316.50  317.50  318.50
  319.50  320.50  321.50  322.50  323.49  324.49  325.49  326.49  327.49  328.49
  329.49  330.49  331.48  332.48  333.48  334.48  335.48  336.48  337.48  338.48
  339.47  340.47  341.47  342.47  343.47  344.47  345.47  346.47  347.46  348.46
  349.46  350.46  351.46  352.46  353.46  354.46  355.46  356.45  357.45  358.45
  359.45    0.45    1.45    2.45    3.45    4.45    5.45    6.44    7.44    8.44
    9.44   10.44   11.44   12.44   13.44   14.44   15.44   16.44   17.44   18.43
   19.43   20.43   21.43   22.43   23.43   24.43   25.43   26.43   27.43   28.43
   29.43   30.43   31.43   32.43   33.43   34.43   35.43   36.43   37.43   38.43
   39.42   40.42   41.42   42.42   43.42   44.42   45.42   46.42   47.42   48.42
   49.42   50.42   51.42   52.42   53.42   54.42   55.42   56.42   57.42   58.42
   59.42   60.42   61.42   62.43   63.43   64.43   65.43   66.43   67.43   68.43
   69.43   70.43   71.43   72.43   73.43   74.43   75.43   76.43   77.43   78.43
   79.43   80.43   81.43   82.44   83.44   84.44   85.44   86.44   87.44   88.44
   89.44   90.44   91.44   92.44   93.44   94.45   95.45   96.45   97.45   98.45
   99.45  100.45  101.45  102.45  103.45  104.46  105.46  106.46  107.46  108.46
  109.46  110.46  111.46  112.47  113.47  114.47  115.47  116.47  117.47  118.47
  119.47  120.48  121.48  122.48  123.48  124.48  125.48  126.48  127.48  128.49
  129.49  130.49  131.49  132.49  133.49  134.49  135.50  136.50  137.50  138.50
  139.50  140.50  141.50  142.50  143.51  144.51  145.51  146.51  147.51  148.51
  149.51  150.52  151.52  152.52  153.52  154.52  155.52  156.52  157.52  158.53
  159.53  160.53  161.53  162.53  163.53  164.53  165.53  166.54  167.54  168.54
  169.54  170.54  171.54  172.54  173.54  174.55  175.55  176.55  177.55  178.55
  179.55  180.55  181.55  182.55  183.55  184.56  185.56  186.56  187.56  188.56
  189.56  190.56  191.56  192.56  193.56  194.56  195.56  196.57  197.57  198.57
  199.57  200.57  201.57  202.57  203.57  204.57  205.57  206.57  207.57  208.57
  209.57  210.57  211.57  212.57  213.57  214.57  215.57  216.58  217.58  218.58
  219.58  220.58  221.58  222.58  223.58  224.58  225.58  226.58  227.58  228.58
  229.58  230.58  231.58  232.58  233.58  234.58  235.58  236.58  237.58  238.58
  239.57  240.57  241.57  242.57  243.57  244.57  245.57  246.57  247.57  248.57
  249.57  250.57  251.57  252.57  253.57  254.57  255.57  256.57  257.57  258.57
  259.57  260.56  261.56  262.56  263.56  264.56  265.56  266.56  267.56  268.56
  269.56  270.56  271.56  272.55  273.55  274.55  275.55  276.55  277.55  278.55
  279.55  280.55  281.55  282.54  283.54  284.54  285.54  286.54  287.54  288.54
  289.54  290.54  291.53  292.53  293.53  294.53  295.53  296.53  297.53  298.53
  299.52  300.52  301.52  302.52  303.52  304.52  305.52  306.52  307.51  308.51
  309.51  310.51  311.51  312.51  313.51  314.51  315.50  316.50  317.50  318.50
  319.50  320.50  321.50  322.49  323.49  324.49  325.49  326.49  327.48  328.48
  329.48  330.48  331.48  332.47  333.47  334.47  335.47  336.47  337.46  338.46
  339.46  340.46  341.46  342.45  343.45  344.45  345.45  346.45  347.45  348.44
  349.44  350.44  351.44  352.44  353.43  354.43  355.43  356.43  357.43  358.43
  359.43    0.42    1.42    2.42    3.42    4.42    5.42    6.41    7.41    8.41
    9.41   10.41   11.41   12.41   13.41   14.40   15.40   16.40   17.40   18.40
   19.40   20.40   21.40   22.40   23.39   24.39   25.39   26.39   27.39   28.39
   29.39   30.39   31.39   32.39   33.39   34.39   35.39   36.39   37.38   38.38
   39.38   40.38   41.38   42.38   43.38   44.38   45.38   46.38   47.38   48.38
   49.38   50.38   51.38   52.38   53.38   54.38   55.38   56.38   57.38   58.38
   59.38   60.38   61.38   62.38   63.38   64.38   65.39   66.39   67.39   68.39
   69.39   70.39   71.39   72.39   73.39   74.39   75.39   76.39   77.39   78.40
   79.40   80.40   81.40   82.40   83.40   84.40   85.40   86.40   87.41   88.41
   89.41   90.41   91.41   92.41   93.41   94.42   95.42   96.42   97.42   98.42
   99.42  100.42  101.43  102.43  103.43  104.43  105.43  106.43  107.44  108.44
  109.44  110.44  111.44  112.45  113.45  114.45  115.45  116.45  117.46  118.46
  119.46  120.46  121.46  122.47  123.47  124.47  125.47  126.47  127.48  128.48
  129.48  130.48  131.48  132.49  133.49  134.49  135.49  136.49  137.50  138.50
  139.50  140.50  141.51  142.51  143.51  144.51  145.51  146.52  147.52  148.52
  149.52  150.52  151.53  152.53  153.53  154.53  155.53  156.54  157.54  158.54
  159.54  160.54  161.55  162.55  163.55  164.55  165.55  166.56  167.56  168.56
  169.56  170.56  171.57  172.57  173.57  174.57  175.57  176.57  177.58  178.58
  179.58  180.58  181.58  182.58  183.58  184.59  185.59  186.59  187.59  188.59
  189.59  190.59  191.60  192.60  193.60  194.60  195.60  196.60  197.60  198.60
  199.60  200.61  201.61  202.61  203.61  204.61  205.61  206.61  207.61  208.61
  209.61  210.61  211.61  212.61  213.62  214.62  215.62  216.62  217.62  218.62
  219.62  220.62  221.62  222.62  223.62  224.62  225.62  226.62  227.62  228.62
  229.62  230.62  231.62  232.62  233.62  234.62  235.62  236.62  237.62  238.62
  239.62  240.62  241.61  242.61  243.61  244.61  245.61  246.61  247.61  248.61
  249.61  250.61  251.61  252.61  253.61  254.61  255.60  256.60  257.60  258.60
  259.60  260.60  261.60  262.60  263.60  264.59  265.59  266.59  267.59  268.59
  269.59  270.59  271.59  272.58  273.58  274.58  275.58  276.58  277.58  278.57
  279.57  280.57  281.57  282.57  283.57  284.57  285.56  286.56  287.56  288.56
  289.56  290.55  291.55  292.55  293.55  294.55  295.55  296.54  297.54  298.54
  299.54  300.54  301.53  302.53  303.53  304.53  305.53  306.52  307.52  308.52
  309.52  310.52  311.51  312.51  313.51  314.51  315.51  316.50  317.50  318.50
  319.50  320.50  321.49  322.49  323.49  324.48  325.48  326.48  327.48  328.47
  329.47  330.47  331.47  332.46  333.46  334.46  335.45  336.45  337.45  338.45
  339.44  340.44  341.44  342.44  343.43  344.43  345.43  346.43  347.42  348.42
  349.42  350.42  351.41  352.41  353.41  354.41  355.40  356.40  357.40  358.40
  359.39    0.39    1.39    2.39    3.39    4.38    5.38    6.38    7.38    8.38
    9.37   10.37   11.37   12.37   13.37   14.36   15.36   16.36   17.36   18.36
   19.36   20.36   21.35   22.35   23.35   24.35   25.35   26.35   27.35   28.34
   29.34   30.34   31.34   32.34   33.34   34.34   35.34   36.34   37.34   38.34
   39.34   40.33   41.33   42.33   43.33   44.33   45.33   46.33   47.33   48.33
   49.33   50.33   51.33   52.33   53.33   54.33   55.33   56.33   57.33   58.33
   59.33   60.33   61.33   62.34   63.34   64.34   65.34   66.34   67.34   68.34
   69.34   70.34   71.34   72.34   73.34   74.35   75.35   76.35   77.35   78.35
   79.35   80.35   81.36   82.36   83.36   84.36   85.36   86.36   87.37   88.37
   89.37   90.37   91.37   92.37   93.38   94.38   95.38   96.38   97.39   98.39
   99.39  100.39  101.39  102.40  103.40  104.40  105.40  106.41  107.41  108.41
  109.41  110.42  111.42  112.42  113.43  114.43  115.43  116.43  117.44  118.44
  119.44  120.44  121.45  122.45  123.45  124.46  125.46  126.46  127.47  128.47
  129.47  130.47  131.48  132.48  133.48  134.49  135.49  136.49  137.50  138.50
  139.50  140.50  141.51  142.51  143.51  144.52  145.52  146.52  147.53  148.53
  149.53  150.53  151.54  152.54  153.54  154.55  155.55  156.55  157.56  158.56
  159.56  160.56  161.57  162.57  163.57  164.57  165.58  166.58  167.58  168.59
  169.59  170.59  171.59  172.60  173.60  174.60  175.60  176.61  177.61  178.61
  179.61  180.61  181.62  182.62  183.62  184.62  185.63  186.63  187.63  188.63
  189.63  190.63  191.64  192.64  193.64  194.64  195.64  196.64  197.65  198.65
  199.65  200.65  201.65  202.65  203.65  204.66  205.66  206.66  207.66  208.66
  209.66  210.66  211.66  212.66  213.66  214.66  215.66  216.67  217.67  218.67
  219.67  220.67  221.67  222.67  223.67  224.67  225.67  226.67  227.67  228.67
  229.67  230.67  231.67  232.67  233.67  234.67  235.67  236.67  237.67  238.66
  239.66  240.66  241.66  242.66  243.66  244.66  245.66  246.66  247.66  248.66
  249.66  250.65  251.65  252.65  253.65  254.65  255.65  256.65  257.64  258.64
  259.64  260.64  261.64  262.64  263.64  264.63  265.63  266.63  267.63  268.63
  269.62  270.62  271.62  272.62  273.62  274.61  275.61  276.61  277.61  278.61
  279.60  280.60  281.60  282.60  283.59  284.59  285.59  286.59  287.58  288.58
  289.58  290.58  291.57  292.57  293.57  294.57  295.56  296.56  297.56  298.56
  299.55  300.55  301.55  302.55  303.54  304.54  305.54  306.53  307.53  308.53
  309.53  310.52  311.52  312.52  313.52  314.51  315.51  316.51  317.50  318.50
  319.50  320.49  321.49  322.49  323.48  324.48  325.48  326.47  327.47  328.46
  329.46  330.46  331.45  332.45  333.45  334.44  335.44  336.44  337.43  338.43
  339.43  340.42  341.42  342.41  343.41  344.41  345.40  346.40  347.40  348.39
  349.39  350.39  351.38  352.38  353.38  354.37  355.37  356.37  357.37  358.36
  359.36    0.36    1.35    2.35    3.35    4.35    5.34    6.34    7.34    8.33
    9.33   10.33   11.33   12.32   13.32   14.32   15.32   16.32   17.31   18.31
   19.31   20.31   21.31   22.30   23.30   24.30   25.30   26.30   27.29   28.29
   29.29   30.29   31.29   32.29   33.29   34.29   35.28   36.28   37.28   38.28
   39.28   40.28   41.28   42.28   43.28   44.28   45.28   46.28   47.28   48.28
   49.28   50.28   51.28   52.28   53.28   54.28   55.28   56.28   57.28   58.28
   59.28   60.28   61.28   62.28   63.28   64.28   65.28   66.28   67.28   68.28
   69.29   70.29   71.29   72.29   73.29   74.29   75.29   76.30   77.30   78.30
   79.30   80.30   81.31   82.31   83.31   84.31   85.31   86.32   87.32   88.32
   89.32   90.33   91.33   92.33   93.33   94.34   95.34   96.34   97.35   98.35
   99.35  100.36  101.36  102.36  103.36  104.37  105.37  106.37  107.38  108.38
  109.38  110.39  111.39  112.40  113.40  114.40  115.41  116.41  117.41  118.42
  119.42  120.43  121.43  122.43  123.44  124.44  125.45  126.45  127.45  128.46
  129.46  130.47  131.47  132.47  133.48  134.48  135.49  136.49  137.49  138.50
  139.50  140.51  141.51  142.51  143.52  144.52  145.53  146.53  147.53  148.54
  149.54  150.55  151.55  152.55  153.56  154.56  155.57  156.57  157.57  158.58
  159.58  160.59  161.59  162.59  163.60  164.60  165.60  166.61  167.61  168.62
  169.62  170.62  171.63  172.63  173.63  174.64  175.64  176.64  177.64  178.65
  179.65  180.65  181.66  182.66  183.66  184.67  185.67  186.67  187.67  188.68
  189.68  190.68  191.68  192.69  193.69  194.69  195.69  196.69  197.70  198.70
  199.70  200.70  201.70  202.71  203.71  204.71  205.71  206.71  207.71  208.71
  209.72  210.72  211.72  212.72  213.72  214.72  215.72  216.72  217.72  218.72
  219.72  220.72  221.72  222.72  223.72  224.72  225.72  226.72  227.72  228.72
  229.72  230.72  231.72  232.72  233.72  234.72  235.72  236.72  237.72  238.72
  239.72  240.72  241.72  242.72  243.71  244.71  245.71  246.71  247.71  248.71
  249.71  250.71  251.70  252.70  253.70  254.70  255.70  256.69  257.69  258.69
  259.69  260.69  261.68  262.68  263.68  264.68  265.68  266.67  267.67  268.67
  269.67  270.66  271.66  272.66  273.65  274.65  275.65  276.65  277.64  278.64
  279.64  280.63  281.63  282.63  283.63  284.62  285.62  286.62  287.61  288.61
  289.61  290.60  291.60  292.60  293.59  294.59  295.59  296.58  297.58  298.57
  299.57  300.57  301.56  302.56  303.56  304.55  305.55  306.55  307.54  308.54
  309.54  310.53  311.53  312.52  313.52  314.52  315.51  316.51  317.51  318.50
  319.50  320.49  321.49  322.48  323.48  324.47  325.47  326.46  327.46  328.45
  329.45  330.45  331.44  332.44  333.43  334.43  335.42  336.42  337.41  338.41
  339.40  340.40  341.40  342.39  343.39  344.38  345.38  346.37  347.37  348.36
  349.36  350.36  351.35  352.35  353.34  354.34  355.34  356.33  357.33  358.32
  359.32    0.32    1.31    2.31    3.31    4.30    5.30    6.29    7.29    8.29
    9.28   10.28   11.28   12.28   13.27   14.27   15.27   16.26   17.26   18.26
   19.25   20.25   21.25   22.25   23.24   24.24   25.24   26.24   27.24   28.23
   29.23   30.23   31.23   32.23   33.23   34.22   35.22   36.22   37.22   38.22
   39.22   40.22   41.21   42.21   43.21   44.21   45.21   46.21   47.21   48.21
   49.21   50.21   51.21   52.21   53.21   54.21   55.21   56.21   57.21   58.21
   59.21   60.21   61.21   62.21   63.22   64.22   65.22   66.22   67.22   68.22
   69.22   70.23   71.23   72.23   73.23   74.23   75.23   76.24   77.24   78.24
   79.24   80.25   81.25   82.25   83.25   84.26   85.26   86.26   87.27   88.27
   89.27   90.28   91.28   92.28   93.29   94.29   95.29   96.30   97.30   98.30
   99.31  100.31  101.32  102.32  103.32  104.33  105.33  106.34  107.34  108.35
  109.35  110.36  111.36  112.36  113.37  114.37  115.38  116.38  117.39  118.39
  119.40  120.40  121.41  122.41  123.42  124.42  125.43  126.43  127.44  128.44
  129.45  130.45  131.46  132.47  133.47  134.48  135.48  136.49  137.49  138.50
  139.50  140.51  141.51  142.52  143.52  144.53  145.53  146.54  147.55  148.55
  149.56  150.56  151.57  152.57  153.58  154.58  155.59  156.59  157.60  158.60
  159.61  160.61  161.62  162.62  163.63  164.63  165.64  166.64  167.64  168.65
  169.65  170.66  171.66  172.67  173.67  174.68  175.68  176.68  177.69  178.69
  179.70  180.70  181.70  182.71  183.71  184.71  185.72  186.72  187.72  188.73
  189.73  190.73  191.74  192.74  193.74  194.75  195.75  196.75  197.75  198.76
  199.76  200.76  201.76  202.77  203.77  204.77  205.77  206.77  207.77  208.78
  209.78  210.78  211.78  212.78  213.78  214.78  215.79  216.79  217.79  218.79
  219.79  220.79  221.79  222.79  223.79  224.79  225.79  226.79  227.79  228.79
  229.79  230.79  231.79  232.79  233.79  234.79  235.79  236.79  237.78  238.78
  239.78  240.78  241.78  242.78  243.78  244.77  245.77  246.77  247.77  248.77
  249.77  250.76  251.76  252.76  253.76  254.76  255.75  256.75  257.75  258.75
  259.74  260.74  261.74  262.73  263.73  264.73  265.72  266.72  267.72  268.72
  269.71  270.71  271.71  272.70  273.70  274.69  275.69  276.69  277.68  278.68
  279.68  280.67  281.67  282.66  283.66  284.66  285.65  286.65  287.64  288.64
  289.64  290.63  291.63  292.62  293.62  294.61  295.61  296.60  297.60  298.60
  299.59  300.59  301.58  302.58  303.57  304.57  305.56  306.56  307.55  308.55
  309.55  310.54  311.54  312.53  313.53  314.52  315.52  316.51  317.51  318.50
  319.50  320.49  321.49  322.48  323.47  324.47  325.46  326.46  327.45  328.44
  329.44  330.43  331.43  332.42  333.41  334.41  335.40  336.40  337.39  338.39
  339.38  340.38  341.37  342.36  343.36  344.35  345.35  346.34  347.34  348.33
  349.33  350.32  351.32  352.31  353.31  354.30  355.30  356.29  357.29  358.28
  359.28    0.27    1.27    2.26    3.26    4.25    5.25    6.24    7.24    8.24
    9.23   10.23   11.22   12.22   13.22   14.21   15.21   16.20   17.20   18.20
   19.19   20.19   21.19   22.18   23.18   24.18   25.18   26.17   27.17   28.17
   29.17   30.16   31.16   32.16   33.16   34.15   35.15   36.15   37.15   38.15
   39.15   40.14   41.14   42.14   43.14   44.14   45.14   46.14   47.14   48.14
   49.14   50.14   51.14   52.14   53.14   54.14   55.14   56.14   57.14   58.14
   59.14   60.14   61.14   62.14   63.14   64.14   65.15   66.15   67.15   68.15
   69.15   70.15   71.16   72.16   73.16   74.16   75.17   76.17   77.17   78.17
   79.18   80.18   81.18   82.19   83.19   84.19   85.20   86.20   87.21   88.21
   89.21   90.22   91.22   92.23   93.23   94.23   95.24   96.24   97.25   98.25
   99.26  100.26  101.27  102.27  103.28  104.28  105.29  106.30  107.30  108.31
  109.31  110.32  111.32  112.33  113.34  114.34  115.35  116.35  117.36  118.37
  119.37  120.38  121.38  122.39  123.40  124.40  125.41  126.42  127.42  128.43
  129.44  130.44  131.45  132.46  133.46  134.47  135.48  136.48  137.49  138.50
  139.50  140.51  141.52  142.52  143.53  144.54  145.54  146.55  147.56  148.56
  149.57  150.58  151.58  152.59  153.60  154.60  155.61  156.62  157.62  158.63
  159.63  160.64  161.65  162.65  163.66  164.66  165.67  166.68  167.68  168.69
  169.69  170.70  171.70  172.71  173.72  174.72  175.73  176.73  177.74  178.74
  179.75  180.75  181.76  182.76  183.77  184.77  185.77  186.78  187.78  188.79
  189.79  190.79  191.80  192.80  193.81  194.81  195.81  196.82  197.82  198.82
  199.83  200.83  201.83  202.83  203.84  204.84  205.84  206.84  207.85  208.85
  209.85  210.85  211.85  212.85  213.86  214.86  215.86  216.86  217.86  218.86
  219.86  220.86  221.86  222.86  223.86  224.86  225.86  226.86  227.86  228.86
  229.86  230.86  231.86  232.86  233.86  234.86  235.86  236.86  237.86  238.85
  239.85  240.85  241.85  242.85  243.85  244.84  245.84  246.84  247.84  248.83
  249.83  250.83  251.83  252.82  253.82  254.82  255.82  256.81  257.81  258.81
  259.80  260.80  261.80  262.79  263.79  264.78  265.78  266.78  267.77  268.77
  269.76  270.76  271.76  272.75  273.75  274.74  275.74  276.73  277.73  278.72
  279.72  280.71  281.71  282.70  283.70  284.69  285.69  286.68  287.68  288.67
  289.67  290.66  291.66  292.65  293.65  294.64  295.64  296.63  297.62  298.62
  299.61  300.61  301.60  302.60  303.59  304.59  305.58  306.57  307.57  308.56
  309.56  310.55  311.54  312.54  313.53  314.53  315.52  316.51  317.51  318.50
  319.50  320.49  321.48  322.48  323.47  324.46  325.45  326.45  327.44  328.43
  329.43  330.42  331.41  332.40  333.40  334.39  335.38  336.38  337.37  338.36
  339.36  340.35  341.34  342.34  343.33  344.32  345.32  346.31  347.30  348.30
  349.29  350.28  351.28  352.27  353.27  354.26  355.25  356.25  357.24  358.24
  359.23    0.22    1.22    2.21    3.21    4.20    5.20    6.19    7.19    8.18
    9.18   10.17   11.17   12.16   13.16   14.15   15.15   16.14   17.14   18.13
   19.13   20.13   21.12   22.12   23.11   24.11   25.11   26.10   27.10   28.10
   29.09   30.09   31.09   32.09   33.08   34.08   35.08   36.08   37.07   38.07
   39.07   40.07   41.07   42.07   43.06   44.06   45.06   46.06   47.06   48.06
   49.06   50.06   51.06   52.06   53.06   54.06   55.06   56.06   57.06   58.06
   59.06   60.06   61.06   62.06   63.07   64.07   65.07   66.07   67.07   68.08
   69.08   70.08   71.08   72.08   73.09   74.09   75.09   76.10   77.10   78.10
   79.11   80.11   81.11   82.12   83.12   84.13   85.13   86.14   87.14   88.15
   89.15   90.16   91.16   92.17   93.17   94.18   95.18   96.19   97.19   98.20
   99.21  100.21  101.22  102.22  103.23  104.24  105.24  106.25  107.26  108.26
  109.27  110.28  111.28  112.29  113.30  114.31  115.31  116.32  117.33  118.34
  119.34  120.35  121.36  122.37  123.37  124.38  125.39  126.40  127.41  128.41
  129.42  130.43  131.44  132.45  133.45  134.46  135.47  136.48  137.49  138.50
  139.50  140.51  141.52  142.53  143.54  144.55  145.55  146.56  147.57  148.58
  149.59  150.59  151.60  152.61  153.62  154.63  155.63  156.64  157.65  158.66
  159.66  160.67  161.68  162.69  163.69  164.70  165.71  166.72  167.72  168.73
  169.74  170.74  171.75  172.76  173.76  174.77  175.78  176.78  177.79  178.79
  179.80  180.81  181.81  182.82  183.82  184.83  185.83  186.84  187.84  188.85
  189.85  190.86  191.86  192.87  193.87  194.88  195.88  196.89  197.89  198.89
  199.90  200.90  201.90  202.91  203.91  204.91  205.92  206.92  207.92  208.92
  209.92  210.93  211.93  212.93  213.93  214.93  215.94  216.94  217.94  218.94
  219.94  220.94  221.94  222.94  223.94  224.94  225.94  226.94  227.94  228.94
  229.94  230.94  231.94  232.94  233.94  234.94  235.93  236.93  237.93  238.93
  239.93  240.93  241.92  242.92  243.92  244.92  245.91  246.91  247.91  248.91
  249.90  250.90  251.90  252.89  253.89  254.89  255.88  256.88  257.87  258.87
  259.87  260.86  261.86  262.85  263.85  264.84  265.84  266.83  267.83  268.82
  269.82  270.81  271.81  272.80  273.80  274.79  275.79  276.78  277.78  278.77
  279.76  280.76  281.75  282.75  283.74  284.73  285.73  286.72  287.72  288.71
  289.70  290.70  291.69  292.68  293.68  294.67  295.66  296.66  297.65  298.64
  299.64  300.63  301.62  302.62  303.61  304.60  305.60  306.59  307.58  308.57
  309.57  310.56  311.55  312.55  313.54  314.53  315.52  316.52  317.51  318.50
  319.50  320.49  321.48  322.47  323.46  324.45  325.45  326.44  327.43  328.42
  329.41  330.40  331.40  332.39  333.38  334.37  335.36  336.35  337.35  338.34
  339.33  340.32  341.31  342.31  343.30  344.29  345.28  346.27  347.27  348.26
  349.25  350.24  351.24  352.23  353.22  354.21  355.21  356.20  357.19  358.19
  359.18    0.17    1.17    2.16    3.15    4.15    5.14    6.13    7.13    8.12
    9.11   10.11   11.10   12.10   13.09   14.09   15.08   16.07   17.07   18.06
   19.06   20.05   21.05   22.05   23.04   24.04   25.03   26.03   27.02   28.02
   29.02   30.01   31.01   32.01   33.00   34.00   35.00   35.99   36.99   37.99
   38.99   39.99   40.98   41.98   42.98   43.98   44.98   45.98   46.98   47.97
   48.97   49.97   50.97   51.97   52.97   53.97   54.97   55.97   56.97   57.97
   58.98   59.98   60.98   61.98   62.98   63.98   64.98   65.99   66.99   67.99
   68.99   70.00   71.00   72.00   73.01   74.01   75.01   76.02   77.02   78.03
   79.03   80.03   81.04   82.04   83.05   84.05   85.06   86.06   87.07   88.08
   89.08   90.09   91.09   92.10   93.11   94.11   95.12   96.13   97.13   98.14
   99.15  100.15  101.16  102.17  103.18  104.18  105.19  106.20  107.21  108.22
  109.22  110.23  111.24  112.25  113.26  114.27  115.28  116.29  117.29  118.30
  119.31  120.32  121.33  122.34  123.35  124.36  125.37  126.38  127.39  128.40
  129.41  130.42  131.43  132.44  133.45  134.46  135.47  136.48  137.49  138.50
  139.50  140.51  141.52  142.53  143.54  144.55  145.56  146.57  147.58  148.59
  149.60  150.61  151.62  152.63  153.64  154.65  155.66  156.67  157.68  158.69
  159.70  160.71  161.71  162.72  163.73  164.74  165.75  166.76  167.77  168.78
  169.78  170.79  171.80  172.81  173.82  174.82  175.83  176.84  177.85  178.85
  179.86  180.87  181.87  182.88  183.89  184.89  185.90  186.91  187.91  188.92
  189.92  190.93  191.94  192.94  193.95  194.95  195.96  196.96  197.97  198.97
  199.97  200.98  201.98  202.99  203.99  204.99  206.00  207.00  208.00  209.01
  210.01  211.01  212.01  213.02  214.02  215.02  216.02  217.02  218.02  219.02
  220.03  221.03  222.03  223.03  224.03  225.03  226.03  227.03  228.03  229.03
  230.03  231.02  232.02  233.02  234.02  235.02  236.02  237.02  238.01  239.01
  240.01  241.01  242.01  243.00  244.00  245.00  245.99  246.99  247.99  248.98
  249.98  250.98  251.97  252.97  253.96  254.96  255.95  256.95  257.95  258.94
  259.94  260.93  261.93  262.92  263.91  264.91  265.90  266.90  267.89  268.89
  269.88  270.87  271.87  272.86  273.85  274.85  275.84  276.83  277.83  278.82
  279.81  280.81  281.80  282.79  283.79  284.78  285.77  286.76  287.76  288.75
  289.74  290.73  291.73  292.72  293.71  294.70  295.69  296.69  297.68  298.67
  299.66  300.65  301.65  302.64  303.63  304.62  305.61  306.60  307.60  308.59
  309.58  310.57  311.56  312.55  313.55  314.54  315.53  316.52  317.51  318.50
  319.50  320.49  321.48  322.47  323.46  324.45  325.44  326.43  327.42  328.41
  329.40  330.39  331.38  332.37  333.36  334.35  335.34  336.33  337.32  338.31
  339.30  340.29  341.28  342.27  343.26  344.25  345.25  346.24  347.23  348.22
  349.21  350.20  351.19  352.18  353.17  354.17  355.16  356.15  357.14  358.13
  359.12    0.12    1.11    2.10    3.09    4.09    5.08    6.07    7.06    8.06
    9.05   10.04   11.04   12.03   13.02   14.02   15.01   16.00   17.00   17.99
   18.98   19.98   20.97   21.97   22.96   23.96   24.95   25.95   26.94   27.94
   28.93   29.93   30.93   31.92   32.92   33.91   34.91   35.91   36.90   37.90
   38.90   39.90   40.89   41.89   42.89   43.89   44.89   45.88   46.88   47.88
   48.88   49.88   50.88   51.88   52.88   53.88   54.88   55.88   56.88   57.88
   58.88   59.88   60.89   61.89   62.89   63.89   64.89   65.90   66.90   67.90
   68.90   69.91   70.91   71.91   72.92   73.92   74.93   75.93   76.94   77.94
   78.95   79.95   80.96   81.96   82.97   83.97   84.98   85.99   86.99   88.00
   89.01   90.01   91.02   92.03   93.03   94.04   95.05   96.06   97.07   98.07
   99.08  100.09  101.10  102.11  103.12  104.13  105.14  106.15  107.16  108.16
  109.17  110.18  111.19  112.20  113.21  114.23  115.24  116.25  117.26  118.27
  119.28  120.29  121.30  122.31  123.32  124.33  125.34  126.36  127.37  128.38
  129.39  130.40  131.41  132.42  133.44  134.45  135.46  136.47  137.48  138.49
  139.51  140.52  141.53  142.54  143.55  144.56  145.58  146.59  147.60  148.61
  149.62  150.63  151.64  152.66  153.67  154.68  155.69  156.70  157.71  158.72
  159.73  160.74  161.75  162.76  163.77  164.79  165.80  166.81  167.82  168.83
  169.84  170.84  171.85  172.86  173.87  174.88  175.89  176.90  177.91  178.92
  179.93  180.93  181.94  182.95  183.96  184.97  185.97  186.98  187.99  188.99
  190.00  191.01  192.01  193.02  194.03  195.03  196.04  197.04  198.05  199.05
  200.06  201.06  202.07  203.07  204.08  205.08  206.09  207.09  208.09  209.10
  210.10  211.10  212.10  213.11  214.11  215.11  216.11  217.11  218.12  219.12
  220.12  221.12  222.12  223.12  224.12  225.12  226.12  227.12  228.12  229.12
  230.12  231.12  232.12  233.11  234.11  235.11  236.11  237.11  238.10  239.10
  240.10  241.10  242.09  243.09  244.09  245.08  246.08  247.07  248.07  249.07
  250.06  251.06  252.05  253.05  254.04  255.04  256.03  257.03  258.02  259.02
  260.01  261.00  262.00  262.99  263.98  264.98  265.97  266.96  267.96  268.95
  269.94  270.94  271.93  272.92  273.91  274.91  275.90  276.89  277.88  278.88
  279.87  280.86  281.85  282.84  283.83  284.83  285.82  286.81  287.80  288.79
  289.78  290.77  291.76  292.75  293.75  294.74  295.73  296.72  297.71  298.70
  299.69  300.68  301.67  302.66  303.65  304.64  305.63  306.62  307.61  308.60
  309.59  310.58  311.57  312.56  313.55  314.54  315.53  316.52  317.51  318.50
  319.49  320.48  321.47  322.46  323.45  324.44  325.43  326.42  327.40  328.39
  329.38  330.37  331.36  332.35  333.34  334.33  335.32  336.30  337.29  338.28
  339.27  340.26  341.25  342.24  343.23  344.22  345.21  346.20  347.19  348.18
  349.17  350.16  351.15  352.14  353.13  354.12  355.11  356.10  357.09  358.08
  359.07    0.06    1.05    2.04    3.03    4.02    5.01    6.01    7.00    7.99
    8.98    9.97   10.96   11.96   12.95   13.94   14.93   15.93   16.92   17.91
   18.90   19.90   20.89   21.89   22.88   23.87   24.87   25.86   26.86   27.85
   28.85   29.84   30.84   31.83   32.83   33.82   34.82   35.81   36.81   37.81
   38.80   39.80   40.80   41.80   42.79   43.79   44.79   45.79   46.79   47.78
   48.78   49.78   50.78   51.78   52.78   53.78   54.78   55.78   56.78   57.78
   58.78   59.79   60.79   61.79   62.79   63.79   64.80   65.80   66.80   67.80
   68.81   69.81   70.82   71.82   72.82   73.83   74.83   75.84   76.84   77.85
   78.86   79.86   80.87   81.87   82.88   83.89   84.89   85.90   86.91   87.92
   88.92   89.93   90.94   91.95   92.96   93.97   94.98   95.99   96.99   98.00
   99.01  100.02  101.03  102.04  103.05  104.07  105.08  106.09  107.10  108.11
  109.12  110.13  111.14  112.16  113.17  114.18  115.19  116.20  117.22  118.23
  119.24  120.25  121.27  122.28  123.29  124.31  125.32  126.33  127.35  128.36
  129.37  130.39  131.40  132.41  133.43  134.44  135.45  136.47  137.48  138.49
  139.51  140.52  141.53  142.55  143.56  144.57  145.59  146.60  147.61  148.63
  149.64  150.65  151.67  152.68  153.69  154.71  155.72  156.73  157.75  158.76
  159.77  160.78  161.80  162.81  163.82  164.83  165.84  166.86  167.87  168.88
  169.89  170.90  171.91  172.92  173.93  174.95  175.96  176.97  177.98  178.99
  180.00  181.01  182.01  183.02  184.03  185.04  186.05  187.06  188.07  189.08
  190.08  191.09  192.10  193.11  194.11  195.12  196.13  197.13  198.14  199.14
  200.15  201.16  202.16  203.17  204.17  205.18  206.18  207.18  208.19  209.19
  210.20  211.20  212.20  213.20  214.21  215.21  216.21  217.21  218.21  219.22
  220.22  221.22  222.22  223.22  224.22  225.22  226.22  227.22  228.22  229.22
  230.22  231.21  232.21  233.21  234.21  235.21  236.20  237.20  238.20  239.20
  240.19  241.19  242.19  243.18  244.18  245.17  246.17  247.16  248.16  249.15
  250.15  251.14  252.14  253.13  254.13  255.12  256.11  257.11  258.10  259.10
  260.09  261.08  262.07  263.07  264.06  265.05  266.04  267.04  268.03  269.02
  270.01  271.00  271.99  272.99  273.98  274.97  275.96  276.95  277.94  278.93
  279.92  280.91  281.90  282.89  283.88  284.87  285.86  286.85  287.84  288.83
  289.82  290.81  291.80  292.79  293.78  294.77  295.76  296.75  297.74  298.73
  299.72  300.71  301.70  302.68  303.67  304.66  305.65  306.64  307.63  308.62
  309.61  310.60  311.58  312.57  313.56  314.55  315.54  316.53  317.52  318.51
  319.49  320.48  321.47  322.46  323.44  324.43  325.42  326.40  327.39  328.38
  329.37  330.35  331.34  332.33  333.31  334.30  335.29  336.28  337.26  338.25
  339.24  340.23  341.22  342.20  343.19  344.18  345.17  346.16  347.14  348.13
  349.12  350.11  351.10  352.09  353.07  354.06  355.05  356.04  357.03  358.02
  359.01    0.00    0.99    1.98    2.97    3.96    4.95    5.94    6.93    7.92
    8.91    9.90   10.89   11.88   12.87   13.86   14.85   15.84   16.84   17.83
   18.82   19.81   20.81   21.80   22.79   23.78   24.78   25.77   26.76   27.76
   28.75   29.75   30.74   31.74   32.73   33.73   34.72   35.72   36.71   37.71
   38.70   39.70   40.70   41.69   42.69   43.69   44.69   45.68   46.68   47.68
   48.68   49.68   50.68   51.68   52.68   53.68   54.68   55.68   56.68   57.68
   58.68   59.68   60.68   61.68   62.69   63.69   64.69   65.70   66.70   67.70
   68.71   69.71   70.71   71.72   72.72   73.73   74.73   75.74   76.75   77.75
   78.76   79.77   80.77   81.78   82.79   83.80   84.80   85.81   86.82   87.83
   88.84   89.85   90.86   91.87   92.88   93.89   94.90   95.91   96.92   97.93
   98.94   99.95  100.96  101.98  102.99  104.00  105.01  106.02  107.04  108.05
  109.06  110.08  111.09  112.10  113.12  114.13  115.14  116.16  117.17  118.19
  119.20  120.22  121.23  122.25  123.26  124.28  125.29  126.31  127.32  128.34
  129.35  130.37  131.38  132.40  133.41  134.43  135.45  136.46  137.48  138.49
  139.51  140.52  141.54  142.55  143.57  144.59  145.60  146.62  147.63  148.65
  149.66  150.68  151.69  152.71  153.72  154.74  155.75  156.77  157.78  158.80
  159.81  160.83  161.84  162.86  163.87  164.88  165.90  166.91  167.92  168.94
  169.95  170.96  171.98  172.99  174.00  175.01  176.02  177.04  178.05  179.06
  180.07  181.08  182.09  183.10  184.11  185.12  186.13  187.14  188.15  189.16
  190.17  191.18  192.19  193.20  194.20  195.21  196.22  197.23  198.23  199.24
  200.25  201.25  202.26  203.27  204.27  205.28  206.28  207.29  208.29  209.29
  210.30  211.30  212.30  213.31  214.31  215.31  216.32  217.32  218.32  219.32
  220.32  221.32  222.32  223.32  224.32  225.32  226.32  227.32  228.32  229.32
  230.32  231.32  232.32  233.31  234.31  235.31  236.31  237.30  238.30  239.30
  240.29  241.29  242.28  243.28  244.27  245.27  246.26  247.26  248.25  249.25
  250.24  251.24  252.23  253.22  254.22  255.21  256.20  257.19  258.19  259.18
  260.17  261.16  262.16  263.15  264.14  265.13  266.12  267.11  268.10  269.09
  270.08  271.07  272.06  273.05  274.04  275.03  276.02  277.01  278.00  278.99
  279.98  280.97  281.96  282.95  283.94  284.93  285.91  286.90  287.89  288.88
  289.87  290.86  291.84  292.83  293.82  294.81  295.80  296.78  297.77  298.76
  299.75  300.74  301.72  302.71  303.70  304.69  305.67  306.66  307.65  308.63
  309.62  310.61  311.60  312.58  313.57  314.56  315.54  316.53  317.52  318.51
  319.49  320.48  321.46  322.45  323.43  324.42  325.41  326.39  327.38  328.36
  329.35  330.33  331.32  332.31  333.29  334.28  335.26  336.25  337.24  338.22
  339.21  340.19  341.18  342.17  343.15  344.14  345.13  346.11  347.10  348.09
  349.07  350.06  351.05  352.03  353.02  354.01  354.99  355.98  356.97  357.96
  358.95  359.93    0.92    1.91    2.90    3.89    4.88    5.86    6.85    7.84
    8.83    9.82   10.81   11.80   12.79   13.78   14.77   15.76   16.75   17.74
   18.73   19.72   20.72   21.71   22.70   23.69   24.68   25.68   26.67   27.66
   28.65   29.65   30.64   31.63   32.63   33.62   34.62   35.61   36.61   37.60
   38.60   39.59   40.59   41.59   42.58   43.58   44.58   45.58   46.57   47.57
   48.57   49.57   50.57   51.57   52.57   53.57   54.57   55.57   56.57   57.57
   58.57   59.57   60.57   61.57   62.58   63.58   64.58   65.59   66.59   67.59
   68.60   69.60   70.61   71.61   72.62   73.62   74.63   75.64   76.64   77.65
   78.66   79.67   80.67   81.68   82.69   83.70   84.71   85.72   86.73   87.74
   88.75   89.76   90.77   91.78   92.79   93.80   94.81   95.83   96.84   97.85
   98.86   99.88  100.89  101.90  102.92  103.93  104.94  105.96  106.97  107.99
  109.00  110.02  111.03  112.05  113.06  114.08  115.10  116.11  117.13  118.14
  119.16  120.18  121.19  122.21  123.23  124.24  125.26  126.28  127.30  128.31
  129.33  130.35  131.37  132.38  133.40  134.42  135.44  136.46  137.47  138.49
  139.51  140.53  141.54  142.56  143.58  144.60  145.62  146.63  147.65  148.67
  149.69  150.70  151.72  152.74  153.76  154.77  155.79  156.81  157.82  158.84
  159.86  160.87  161.89  162.90  163.92  164.94  165.95  166.97  167.98  169.00
  170.01  171.03  172.04  173.06  174.07  175.08  176.10  177.11  178.12  179.14
  180.15  181.16  182.17  183.19  184.20  185.21  186.22  187.23  188.24  189.25
  190.26  191.27  192.28  193.29  194.30  195.31  196.32  197.33  198.33  199.34
  200.35  201.36  202.36  203.37  204.38  205.38  206.39  207.39  208.40  209.40
  210.41  211.41  212.41  213.42  214.42  215.42  216.43  217.43  218.43  219.43
  220.43  221.43  222.43  223.43  224.43  225.43  226.43  227.43  228.43  229.43
  230.43  231.43  232.42  233.42  234.42  235.42  236.41  237.41  238.41  239.40
  240.40  241.39  242.39  243.38  244.38  245.37  246.37  247.36  248.35  249.35
  250.34  251.33  252.32  253.32  254.31  255.30  256.29  257.28  258.28  259.27
  260.26  261.25  262.24  263.23  264.22  265.21  266.20  267.19  268.18  269.17
  270.16  271.15  272.14  273.12  274.11  275.10  276.09  277.08  278.07  279.05
  280.04  281.03  282.02  283.01  283.99  284.98  285.97  286.95  287.94  288.93
  289.91  290.90  291.89  292.87  293.86  294.85  295.83  296.82  297.81  298.79
  299.78  300.76  301.75  302.74  303.72  304.71  305.69  306.68  307.67  308.65
  309.64  310.62  311.61  312.59  313.58  314.57  315.55  316.54  317.52  318.51
  319.49  320.48  321.46  322.44  323.43  324.41  325.39  326.38  327.36  328.35
  329.33  330.31  331.30  332.28  333.27  334.25  335.24  336.22  337.20  338.19
  339.17  340.16  341.14  342.13  343.11  344.10  345.08  346.07  347.05  348.04
  349.02  350.01  350.99  351.98  352.96  353.95  354.93  355.92  356.91  357.89
  358.88  359.86    0.85    1.84    2.82    3.81    4.80    5.79    6.77    7.76
    8.75    9.74   10.72   11.71   12.70   13.69   14.68   15.67   16.66   17.65
   18.64   19.63   20.62   21.61   22.60   23.59   24.58   25.57   26.56   27.56
   28.55   29.54   30.53   31.53   32.52   33.51   34.51   35.50   36.49   37.49
   38.48   39.48   40.47   41.47   42.47   43.46   44.46   45.46   46.45   47.45
   48.45   49.45   50.45   51.45   52.44   53.44   54.44   55.44   56.45   57.45
   58.45   59.45   60.45   61.45   62.46   63.46   64.46   65.47   66.47   67.47
   68.48   69.48   70.49   71.50   72.50   73.51   74.52   75.52   76.53   77.54
   78.55   79.55   80.56   81.57   82.58   83.59   84.60   85.61   86.62   87.63
   88.65   89.66   90.67   91.68   92.70   93.71   94.72   95.73   96.75   97.76
   98.78   99.79  100.81  101.82  102.84  103.85  104.87  105.89  106.90  107.92
  108.94  109.95  110.97  111.99  113.00  114.02  115.04  116.06  117.08  118.10
  119.11  120.13  121.15  122.17  123.19  124.21  125.23  126.25  127.27  128.29
  129.31  130.33  131.35  132.37  133.39  134.41  135.43  136.45  137.47  138.49
  139.51  140.53  141.55  142.57  143.59  144.61  145.63  146.65  147.67  148.69
  149.71  150.73  151.75  152.77  153.79  154.81  155.83  156.85  157.87  158.89
  159.90  160.92  161.94  162.96  163.98  165.00  166.01  167.03  168.05  169.06
  170.08  171.10  172.11  173.13  174.15  175.16  176.18  177.19  178.21  179.22
  180.24  181.25  182.27  183.28  184.29  185.30  186.32  187.33  188.34  189.35
  190.37  191.38  192.39  193.40  194.41  195.42  196.43  197.44  198.45  199.45
  200.46  201.47  202.48  203.48  204.49  205.50  206.50  207.51  208.52  209.52
  210.53  211.53  212.53  213.54  214.54  215.54  216.55  217.55  218.55  219.55
  220.55  221.55  222.56  223.56  224.56  225.56  226.55  227.55  228.55  229.55
  230.55  231.55  232.54  233.54  234.54  235.53  236.53  237.53  238.52  239.52
  240.51  241.51  242.50  243.49  244.49  245.48  246.47  247.47  248.46  249.45
  250.44  251.44  252.43  253.42  254.41  255.40  256.39  257.38  258.37  259.36
  260.35  261.34  262.33  263.32  264.31  265.30  266.29  267.28  268.26  269.25
  270.24  271.23  272.21  273.20  274.19  275.18  276.16  277.15  278.14  279.12
  280.11  281.09  282.08  283.07  284.05  285.04  286.02  287.01  287.99  288.98
  289.96  290.95  291.93  292.92  293.90  294.89  295.87  296.86  297.84  298.83
  299.81  300.80  301.78  302.76  303.75  304.73  305.72  306.70  307.69  308.67
  309.65  310.64  311.62  312.61  313.59  314.57  315.56  316.54  317.52  318.51
  319.49  320.47  321.46  322.44  323.42  324.40  325.38  326.37  327.35  328.33
  329.31  330.29  331.28  332.26  333.24  334.22  335.21  336.19  337.17  338.15
  339.14  340.12  341.10  342.08  343.07  344.05  345.03  346.02  347.00  347.98
  348.97  349.95  350.93  351.92  352.90  353.89  354.87  355.85  356.84  357.82
  358.81  359.79    0.78    1.76    2.75    3.73    4.72    5.71    6.69    7.68
    8.66    9.65   10.64   11.62   12.61   13.60   14.59   15.57   16.56   17.55
   18.54   19.53   20.52   21.51   22.49   23.48   24.47   25.46   26.46   27.45
   28.44   29.43   30.42   31.41   32.40   33.40   34.39   35.38   36.38   37.37
   38.36   39.36   40.35   41.35   42.34   43.34   44.34   45.33   46.33   47.33
   48.32   49.32   50.32   51.32   52.32   53.32   54.32   55.32   56.32   57.32
   58.32   59.32   60.32   61.33   62.33   63.33   64.34   65.34   66.35   67.35
   68.36   69.36   70.37   71.37   72.38   73.39   74.40   75.40   76.41   77.42
   78.43   79.44   80.45   81.46   82.47   83.48   84.49   85.50   86.52   87.53
   88.54   89.55   90.57   91.58   92.60   93.61   94.62   95.64   96.66   97.67
   98.69   99.70  100.72  101.74  102.75  103.77  104.79  105.81  106.83  107.85
  108.86  109.88  110.90  111.92  112.94  113.96  114.98  116.00  117.02  118.04
  119.07  120.09  121.11  122.13  123.15  124.17  125.20  126.22  127.24  128.26
  129.28  130.31  131.33  132.35  133.37  134.40  135.42  136.44  137.47  138.49
  139.51  140.53  141.56  142.58  143.60  144.63  145.65  146.67  147.69  148.72
  149.74  150.76  151.78  152.80  153.83  154.85  155.87  156.89  157.91  158.93
  159.96  160.98  162.00  163.02  164.04  165.06  166.08  167.10  168.12  169.14
  170.15  171.17  172.19  173.21  174.23  175.25  176.26  177.28  178.30  179.31
  180.33  181.34  182.36  183.38  184.39  185.40  186.42  187.43  188.45  189.46
  190.47  191.48  192.50  193.51  194.52  195.53  196.54  197.55  198.56  199.57
  200.58  201.59  202.60  203.60  204.61  205.62  206.63  207.63  208.64  209.64
  210.65  211.65  212.66  213.66  214.67  215.67  216.67  217.68  218.68  219.68
  220.68  221.68  222.68  223.68  224.68  225.68  226.68  227.68  228.68  229.68
  230.67  231.67  232.67  233.66  234.66  235.66  236.65  237.65  238.64  239.64
  240.63  241.62  242.62  243.61  244.60  245.60  246.59  247.58  248.57  249.56
  250.55  251.54  252.54  253.53  254.52  255.51  256.49  257.48  258.47  259.46
  260.45  261.44  262.43  263.41  264.40  265.39  266.38  267.36  268.35  269.34
  270.32  271.31  272.29  273.28  274.27  275.25  276.24  277.22  278.21  279.19
  280.18  281.16  282.15  283.13  284.11  285.10  286.08  287.07  288.05  289.03
  290.02  291.00  291.98  292.97  293.95  294.93  295.92  296.90  297.88  298.86
  299.85  300.83  301.81  302.79  303.78  304.76  305.74  306.72  307.71  308.69
  309.67  310.65  311.63  312.62  313.60  314.58  315.56  316.54  317.53  318.51
  319.49  320.47  321.45  322.43  323.41  324.39  325.37  326.35  327.33  328.31
  329.29  330.27  331.25  332.23  333.21  334.20  335.18  336.16  337.14  338.12
  339.10  340.08  341.06  342.04  343.02  344.00  344.99  345.97  346.95  347.93
  348.91  349.89  350.88  351.86  352.84  353.82  354.81  355.79  356.77  357.75
  358.74  359.72    0.70    1.69    2.67    3.65    4.64    5.62    6.61    7.59
    8.58    9.56   10.55   11.53   12.52   13.50   14.49   15.48   16.46   17.45
   18.44   19.42   20.41   21.40   22.39   23.38   24.37   25.35   26.34   27.33
   28.32   29.31   30.30   31.30   32.29   33.28   34.27   35.26   36.25   37.25
   38.24   39.23   40.23   41.22   42.22   43.21   44.21   45.21   46.20   47.20
   48.20   49.19   50.19   51.19   52.19   53.19   54.19   55.19   56.19   57.19
   58.19   59.19   60.19   61.20   62.20   63.20   64.21   65.21   66.22   67.22
   68.23   69.23   70.24   71.25   72.25   73.26   74.27   75.28   76.29   77.30
   78.31   79.32   80.33   81.34   82.35   83.36   84.38   85.39   86.40   87.42
   88.43   89.45   90.46   91.48   92.49   93.51   94.52   95.54   96.56   97.58
   98.59   99.61  100.63  101.65  102.67  103.69  104.71  105.73  106.75  107.77
  108.79  109.81  110.83  111.86  112.88  113.90  114.92  115.95  116.97  117.99
  119.02  120.04  121.06  122.09  123.11  124.14  125.16  126.18  127.21  128.23
  129.26  130.28  131.31  132.33  133.36  134.39  135.41  136.44  137.46  138.49
  139.51  140.54  141.56  142.59  143.61  144.64  145.67  146.69  147.72  148.74
  149.77  150.79  151.82  152.84  153.86  154.89  155.91  156.94  157.96  158.98
  160.01  161.03  162.05  163.08  164.10  165.12  166.14  167.17  168.19  169.21
  170.23  171.25  172.27  173.29  174.31  175.33  176.35  177.37  178.39  179.41
  180.42  181.44  182.46  183.48  184.49  185.51  186.52  187.54  188.55  189.57
  190.58  191.60  192.61  193.62  194.64  195.65  196.66  197.67  198.68  199.69
  200.70  201.71  202.72  203.73  204.74  205.75  206.75  207.76  208.77  209.77
  210.78  211.78  212.79  213.79  214.80  215.80  216.80  217.81  218.81  219.81
  220.81  221.81  222.81  223.81  224.81  225.81  226.81  227.81  228.81  229.80
  230.80  231.80  232.79  233.79  234.79  235.78  236.78  237.77  238.77  239.76
  240.75  241.75  242.74  243.73  244.72  245.71  246.70  247.70  248.69  249.68
  250.67  251.66  252.65  253.63  254.62  255.61  256.60  257.59  258.58  259.56
  260.55  261.54  262.52  263.51  264.50  265.48  266.47  267.45  268.44  269.42
  270.41  271.39  272.38  273.36  274.35  275.33  276.31  277.30  278.28  279.26
  280.25  281.23  282.21  283.19  284.18  285.16  286.14  287.12  288.11  289.09
  290.07  291.05  292.03  293.01  294.00  294.98  295.96  296.94  297.92  298.90
  299.88  300.86  301.84  302.82  303.80  304.79  305.77  306.75  307.73  308.71
  309.69  310.67  311.65  312.63  313.61  314.59  315.57  316.55  317.53  318.51
  319.49  320.47  321.45  322.42  323.40  324.38  325.36  326.34  327.32  328.30
  329.27  330.25  331.23  332.21  333.19  334.17  335.15  336.12  337.10  338.08
  339.06  340.04  341.02  342.00  342.98  343.96  344.94  345.92  346.90  347.88
  348.86  349.84  350.82  351.80  352.78  353.76  354.74  355.72  356.70  357.68
  358.66  359.65    0.63    1.61    2.59    3.57    4.56    5.54    6.52    7.50
    8.49    9.47   10.45   11.44   12.42   13.41   14.39   15.38   16.36   17.35
   18.33   19.32   20.31   21.29   22.28   23.27   24.25   25.24   26.23   27.22
   28.21   29.20   30.19   31.18   32.17   33.16   34.15   35.14   36.13   37.12
   38.11   39.11   40.10   41.09   42.09   43.08   44.08   45.07   46.07   47.07
   48.06   49.06   50.06   51.06   52.05   53.05   54.05   55.05   56.05   57.05
   58.05   59.06   60.06   61.06   62.06   63.07   64.07   65.08   66.08   67.09
   68.09   69.10   70.11   71.12   72.12   73.13   74.14   75.15   76.16   77.17
   78.18   79.19   80.21   81.22   82.23   83.24   84.26   85.27   86.29   87.30
   88.32   89.33   90.35   91.37   92.38   93.40   94.42   95.44   96.46   97.48
   98.50   99.52  100.54  101.56  102.58  103.60  104.62  105.65  106.67  107.69
  108.71  109.74  110.76  111.79  112.81  113.84  114.86  115.89  116.91  117.94
  118.96  119.99  121.02  122.04  123.07  124.10  125.12  126.15  127.18  128.21
  129.23  130.26  131.29  132.32  133.34  134.37  135.40  136.43  137.46  138.49
  139.51  140.54  141.57  142.60  143.63  144.66  145.68  146.71  147.74  148.77
  149.79  150.82  151.85  152.88  153.90  154.93  155.96  156.98  158.01  159.04
  160.06  161.09  162.11  163.14  164.16  165.19  166.21  167.24  168.26  169.29
  170.31  171.33  172.35  173.38  174.40  175.42  176.44  177.46  178.48  179.50
  180.52  181.54  182.56  183.58  184.60  185.62  186.63  187.65  188.67  189.68
  190.70  191.71  192.73  193.74  194.76  195.77  196.78  197.79  198.81  199.82
  200.83  201.84  202.85  203.86  204.87  205.88  206.88  207.89  208.90  209.91
  210.91  211.92  212.92  213.93  214.93  215.94  216.94  217.94  218.94  219.95
  220.95  221.95  222.95  223.95  224.95  225.95  226.94  227.94  228.94  229.94
  230.93  231.93  232.93  233.92  234.92  235.91  236.91  237.90  238.89  239.89
  240.88  241.87  242.86  243.85  244.84  245.83  246.82  247.81  248.80  249.79
  250.78  251.77  252.76  253.75  254.73  255.72  256.71  257.69  258.68  259.67
  260.65  261.64  262.62  263.61  264.59  265.58  266.56  267.55  268.53  269.51
  270.50  271.48  272.46  273.44  274.43  275.41  276.39  277.37  278.35  279.34
  280.32  281.30  282.28  283.26  284.24  285.22  286.20  287.18  288.16  289.14
  290.12  291.10  292.08  293.06  294.04  295.02  296.00  296.98  297.96  298.94
  299.92  300.90  301.88  302.85  303.83  304.81  305.79  306.77  307.75  308.73
  309.70  310.68  311.66  312.64  313.62  314.60  315.58  316.55  317.53  318.51
  319.49  320.46  321.44  322.42  323.39  324.37  325.35  326.32  327.30  328.28
  329.25  330.23  331.21  332.18  333.16  334.14  335.11  336.09  337.07  338.04
  339.02  340.00  340.98  341.95  342.93  343.91  344.89  345.86  346.84  347.82
  348.80  349.78  350.75  351.73  352.71  353.69  354.67  355.65  356.63  357.61
  358.59  359.57    0.55    1.53    2.51    3.49    4.47    5.45    6.43    7.41
    8.39    9.37   10.36   11.34   12.32   13.30   14.29   15.27   16.25   17.24
   18.22   19.21   20.19   21.18   22.16   23.15   24.13   25.12   26.11   27.09
   28.08   29.07   30.06   31.05   32.04   33.03   34.02   35.01   36.00   36.99
   37.98   38.97   39.96   40.96   41.95   42.94   43.94   44.93   45.93   46.92
   47.92   48.92   49.91   50.91   51.91   52.91   53.91   54.91   55.91   56.91
   57.91   58.91   59.91   60.92   61.92   62.92   63.93   64.93   65.94   66.94
   67.95   68.96   69.97   70.97   71.98   72.99   74.00   75.01   76.02   77.03
   78.05   79.06   80.07   81.09   82.10   83.11   84.13   85.14   86.16   87.18
   88.19   89.21   90.23   91.25   92.27   93.29   94.31   95.33   96.35   97.37
   98.39   99.41  100.44  101.46  102.48  103.51  104.53  105.56  106.58  107.61
  108.63  109.66  110.68  111.71  112.74  113.77  114.79  115.82  116.85  117.88
  118.91  119.94  120.96  121.99  123.02  124.05  125.08  126.11  127.14  128.17
  129.20  130.24  131.27  132.30  133.33  134.36  135.39  136.42  137.45  138.48
  139.52  140.55  141.58  142.61  143.64  144.67  145.70  146.73  147.76  148.80
  149.83  150.86  151.89  152.92  153.95  154.98  156.01  157.04  158.06  159.09
  160.12  161.15  162.18  163.21  164.23  165.26  166.29  167.32  168.34  169.37
  170.39  171.42  172.44  173.47  174.49  175.52  176.54  177.56  178.59  179.61
  180.63  181.65  182.67  183.69  184.71  185.73  186.75  187.77  188.79  189.81
  190.82  191.84  192.86  193.87  194.89  195.90  196.91  197.93  198.94  199.95
  200.97  201.98  202.99  204.00  205.01  206.02  207.03  208.03  209.04  210.05
  211.06  212.06  213.07  214.07  215.08  216.08  217.08  218.09  219.09  220.09
  221.09  222.09  223.09  224.09  225.09  226.09  227.09  228.09  229.08  230.08
  231.08  232.07  233.07  234.06  235.06  236.05  237.04  238.04  239.03  240.02
  241.01  242.00  242.99  243.98  244.97  245.96  246.95  247.94  248.93  249.92
  250.91  251.89  252.88  253.87  254.85  255.84  256.82  257.81  258.79  259.78
  260.76  261.75  262.73  263.71  264.70  265.68  266.66  267.64  268.63  269.61
  270.59  271.57  272.55  273.53  274.51  275.49  276.47  277.45  278.43  279.41
  280.39  281.37  282.35  283.33  284.31  285.29  286.27  287.25  288.22  289.20
  290.18  291.16  292.14  293.11  294.09  295.07  296.05  297.02  298.00  298.98
  299.96  300.93  301.91  302.89  303.86  304.84  305.82  306.79  307.77  308.75
  309.72  310.70  311.68  312.65  313.63  314.61  315.58  316.56  317.54  318.51
  319.49  320.46  321.44  322.41  323.39  324.36  325.33  326.31  327.28  328.26
  329.23  330.21  331.18  332.16  333.13  334.11  335.08  336.06  337.03  338.01
  338.98  339.96  340.93  341.91  342.88  343.86  344.83  345.81  346.79  347.76
  348.74  349.71  350.69  351.67  352.64  353.62  354.60  355.58  356.55  357.53
  358.51  359.49    0.46    1.44    2.42    3.40    4.38    5.36    6.34    7.32
    8.30    9.28   10.26   11.24   12.22   13.20   14.18   15.16   16.14   17.13
   18.11   19.09   20.08   21.06   22.04   23.03   24.01   25.00   25.98   26.97
   27.96   28.94   29.93   30.92   31.90   32.89   33.88   34.87   35.86   36.85
   37.84   38.83   39.82   40.82   41.81   42.80   43.80   44.79   45.78   46.78
   47.77   48.77   49.77   50.76   51.76   52.76   53.76   54.76   55.76   56.76
   57.76   58.76   59.77   60.77   61.77   62.78   63.78   64.79   65.79   66.80
   67.80   68.81   69.82   70.83   71.84   72.85   73.86   74.87   75.88   76.89
   77.91   78.92   79.94   80.95   81.97   82.98   84.00   85.01   86.03   87.05
   88.07   89.09   90.11   91.13   92.15   93.17   94.19   95.21   96.24   97.26
   98.28   99.31  100.33  101.36  102.38  103.41  104.44  105.46  106.49  107.52
  108.55  109.58  110.60  111.63  112.66  113.69  114.72  115.75  116.78  117.82
  118.85  119.88  120.91  121.94  122.98  124.01  125.04  126.08  127.11  128.14
  129.18  130.21  131.24  132.28  133.31  134.35  135.38  136.41  137.45  138.48
  139.52  140.55  141.59  142.62  143.65  144.69  145.72  146.76  147.79  148.82
  149.86  150.89  151.92  152.96  153.99  155.02  156.06  157.09  158.12  159.15
  160.18  161.22  162.25  163.28  164.31  165.34  166.37  167.40  168.42  169.45
  170.48  171.51  172.54  173.56  174.59  175.62  176.64  177.67  178.69  179.72
  180.74  181.76  182.79  183.81  184.83  185.85  186.87  187.89  188.91  189.93
  190.95  191.97  192.99  194.00  195.02  196.03  197.05  198.06  199.08  200.09
  201.11  202.12  203.13  204.14  205.15  206.16  207.17  208.18  209.19  210.20
  211.20  212.21  213.21  214.22  215.22  216.23  217.23  218.23  219.24  220.24
  221.24  222.24  223.24  224.24  225.24  226.24  227.24  228.23  229.23  230.23
  231.22  232.22  233.21  234.20  235.20  236.19  237.18  238.18  239.17  240.16
  241.15  242.14  243.13  244.12  245.11  246.10  247.08  248.07  249.06  250.04
  251.03  252.02  253.00  253.99  254.97  255.96  256.94  257.92  258.91  259.89
  260.87  261.86  262.84  263.82  264.80  265.78  266.76  267.74  268.72  269.70
  270.68  271.66  272.64  273.62  274.60  275.58  276.56  277.54  278.51  279.49
  280.47  281.45  282.42  283.40  284.38  285.36  286.33  287.31  288.29  289.26
  290.24  291.21  292.19  293.17  294.14  295.12  296.09  297.07  298.04  299.02
  299.99  300.97  301.94  302.92  303.89  304.87  305.84  306.82  307.79  308.77
  309.74  310.72  311.69  312.67  313.64  314.61  315.59  316.56  317.54  318.51
  319.49  320.46  321.43  322.40  323.38  324.35  325.32  326.29  327.27  328.24
  329.21  330.18  331.16  332.13  333.10  334.07  335.05  336.02  336.99  337.97
  338.94  339.91  340.89  341.86  342.83  343.81  344.78  345.75  346.73  347.70
  348.68  349.65  350.62  351.60  352.57  353.55  354.52  355.50  356.47  357.45
  358.43  359.40    0.38    1.35    2.33    3.31    4.28    5.26    6.24    7.22
    8.19    9.17   10.15   11.13   12.11   13.09   14.07   15.05   16.03   17.01
   17.99   18.97   19.95   20.93   21.92   22.90   23.88   24.87   25.85   26.84
   27.82   28.81   29.79   30.78   31.76   32.75   33.74   34.73   35.72   36.70
   37.69   38.68   39.67   40.67   41.66   42.65   43.64   44.64   45.63   46.62
   47.62   48.61   49.61   50.61   51.61   52.60   53.60   54.60   55.60   56.60
   57.60   58.60   59.61   60.61   61.61   62.62   63.62   64.63   65.63   66.64
   67.65   68.66   69.66   70.67   71.68   72.69   73.71   74.72   75.73   76.74
   77.76   78.77   79.79   80.80   81.82   82.84   83.86   84.87   85.89   86.91
   87.93   88.95   89.97   91.00   92.02   93.04   94.07   95.09   96.12   97.14
   98.17   99.19  100.22  101.25  102.28  103.30  104.33  105.36  106.39  107.42
  108.45  109.49  110.52  111.55  112.58  113.61  114.65  115.68  116.72  117.75
  118.78  119.82  120.85  121.89  122.93  123.96  125.00  126.03  127.07  128.11
  129.14  130.18  131.22  132.26  133.29  134.33  135.37  136.41  137.44  138.48
  139.52  140.56  141.59  142.63  143.67  144.71  145.74  146.78  147.82  148.86
  149.89  150.93  151.97  153.00  154.04  155.07  156.11  157.15  158.18  159.22
  160.25  161.28  162.32  163.35  164.39  165.42  166.45  167.48  168.51  169.55
  170.58  171.61  172.64  173.67  174.70  175.72  176.75  177.78  178.81  179.83
  180.86  181.88  182.91  183.93  184.96  185.98  187.00  188.03  189.05  190.07
  191.09  192.11  193.13  194.14  195.16  196.18  197.20  198.21  199.23  200.24
  201.26  202.27  203.28  204.29  205.31  206.32  207.33  208.34  209.34  210.35
  211.36  212.37  213.37  214.38  215.38  216.39  217.39  218.39  219.40  220.40
  221.40  222.40  223.40  224.40  225.40  226.39  227.39  228.39  229.39  230.38
  231.38  232.37  233.36  234.36  235.35  236.34  237.33  238.33  239.32  240.31
  241.30  242.28  243.27  244.26  245.25  246.24  247.22  248.21  249.19  250.18
  251.16  252.15  253.13  254.12  255.10  256.08  257.07  258.05  259.03  260.01
  260.99  261.97  262.95  263.93  264.91  265.89  266.87  267.85  268.83  269.81
  270.78  271.76  272.74  273.72  274.69  275.67  276.65  277.62  278.60  279.57
  280.55  281.53  282.50  283.48  284.45  285.43  286.40  287.38  288.35  289.32
  290.30  291.27  292.25  293.22  294.19  295.17  296.14  297.11  298.09  299.06
  300.03  301.01  301.98  302.95  303.93  304.90  305.87  306.84  307.82  308.79
  309.76  310.73  311.71  312.68  313.65  314.62  315.60  316.57  317.54  318.51
  319.49  320.46  321.43  322.40  323.37  324.34  325.31  326.28  327.25  328.22
  329.19  330.16  331.13  332.10  333.07  334.04  335.01  335.98  336.96  337.93
  338.90  339.87  340.84  341.81  342.78  343.75  344.73  345.70  346.67  347.64
  348.61  349.58  350.56  351.53  352.50  353.48  354.45  355.42  356.39  357.37
  358.34  359.32    0.29    1.26    2.24    3.21    4.19    5.16    6.14    7.12
    8.09    9.07   10.04   11.02   12.00   12.98   13.95   14.93   15.91   16.89
   17.87   18.85   19.83   20.81   21.79   22.77   23.75   24.73   25.72   26.70
   27.68   28.67   29.65   30.64   31.62   32.61   33.59   34.58   35.57   36.56
   37.55   38.53   39.52   40.51   41.50   42.50   43.49   44.48   45.47   46.47
   47.46   48.46   49.45   50.45   51.45   52.44   53.44   54.44   55.44   56.44
   57.44   58.44   59.44   60.45   61.45   62.46   63.46   64.47   65.47   66.48
   67.49   68.50   69.51   70.52   71.53   72.54   73.55   74.56   75.58   76.59
   77.61   78.62   79.64   80.66   81.67   82.69   83.71   84.73   85.75   86.77
   87.79   88.82   89.84   90.86   91.89   92.91   93.94   94.97   95.99   97.02
   98.05   99.08  100.11  101.14  102.17  103.20  104.23  105.26  106.29  107.33
  108.36  109.39  110.43  111.46  112.50  113.54  114.57  115.61  116.64  117.68
  118.72  119.76  120.80  121.83  122.87  123.91  124.95  125.99  127.03  128.07
  129.11  130.15  131.19  132.23  133.27  134.32  135.36  136.40  137.44  138.48
  139.52  140.56  141.60  142.64  143.68  144.73  145.77  146.81  147.85  148.89
  149.93  150.97  152.01  153.05  154.09  155.13  156.17  157.20  158.24  159.28
  160.32  161.36  162.39  163.43  164.46  165.50  166.54  167.57  168.61  169.64
  170.67  171.71  172.74  173.77  174.80  175.83  176.86  177.89  178.92  179.95
  180.98  182.01  183.03  184.06  185.09  186.11  187.14  188.16  189.18  190.21
  191.23  192.25  193.27  194.29  195.31  196.33  197.34  198.36  199.38  200.39
  201.41  202.42  203.44  204.45  205.46  206.47  207.48  208.49  209.50  210.51
  211.52  212.53  213.53  214.54  215.54  216.55  217.55  218.56  219.56  220.56
  221.56  222.56  223.56  224.56  225.56  226.55  227.55  228.55  229.54  230.54
  231.53  232.53  233.52  234.51  235.50  236.50  237.49  238.48  239.47  240.45
  241.44  242.43  243.42  244.41  245.39  246.38  247.36  248.35  249.33  250.32
  251.30  252.28  253.27  254.25  255.23  256.21  257.19  258.17  259.15  260.13
  261.11  262.09  263.07  264.05  265.02  266.00  266.98  267.96  268.93  269.91
  270.88  271.86  272.84  273.81  274.79  275.76  276.74  277.71  278.68  279.66
  280.63  281.61  282.58  283.55  284.52  285.50  286.47  287.44  288.42  289.39
  290.36  291.33  292.30  293.27  294.25  295.22  296.19  297.16  298.13  299.10
  300.07  301.04  302.02  302.99  303.96  304.93  305.90  306.87  307.84  308.81
  309.78  310.75  311.72  312.69  313.66  314.63  315.60  316.57  317.54  318.51
  319.48  320.45  321.42  322.39  323.36  324.33  325.29  326.26  327.23  328.20
  329.17  330.13  331.10  332.07  333.04  334.01  334.98  335.95  336.91  337.88
  338.85  339.82  340.79  341.76  342.73  343.70  344.67  345.64  346.61  347.58
  348.55  349.52  350.49  351.46  352.43  353.40  354.37  355.34  356.31  357.28
  358.25  359.23    0.20    1.17    2.14    3.12    4.09    5.06    6.03    7.01
    7.98    8.96    9.93   10.91   11.88   12.86   13.83   14.81   15.79   16.76
   17.74   18.72   19.70   20.68   21.65   22.63   23.61   24.59   25.58   26.56
   27.54   28.52   29.50   30.49   31.47   32.46   33.44   34.43   35.41   36.40
   37.39   38.37   39.36   40.35   41.34   42.33   43.32   44.31   45.31   46.30
   47.29   48.29   49.28   50.28   51.28   52.27   53.27   54.27   55.27   56.27
   57.27   58.27   59.27   60.28   61.28   62.28   63.29   64.29   65.30   66.31
   67.32   68.33   69.34   70.35   71.36   72.37   73.38   74.40   75.41   76.43
   77.44   78.46   79.48   80.50   81.51   82.53   83.56   84.58   85.60   86.62
   87.65   88.67   89.69   90.72   91.75   92.77   93.80   94.83   95.86   96.89
   97.92   98.95   99.98  101.02  102.05  103.08  104.12  105.15  106.19  107.22
  108.26  109.30  110.33  111.37  112.41  113.45  114.49  115.53  116.57  117.61
  118.65  119.69  120.73  121.78  122.82  123.86  124.90  125.95  126.99  128.03
  129.08  130.12  131.17  132.21  133.25  134.30  135.34  136.39  137.43  138.48
  139.52  140.57  141.61  142.66  143.70  144.75  145.79  146.83  147.88  148.92
  149.97  151.01  152.05  153.10  154.14  155.18  156.22  157.27  158.31  159.35
  160.39  161.43  162.47  163.51  164.55  165.59  166.63  167.67  168.70  169.74
  170.78  171.81  172.85  173.88  174.92  175.95  176.98  178.02  179.05  180.08
  181.11  182.14  183.17  184.20  185.23  186.25  187.28  188.31  189.33  190.35
  191.38  192.40  193.42  194.44  195.47  196.49  197.50  198.52  199.54  200.56
  201.57  202.59  203.60  204.62  205.63  206.64  207.65  208.66  209.67  210.68
  211.69  212.70  213.71  214.71  215.72  216.72  217.72  218.73  219.73  220.73
  221.73  222.73  223.73  224.73  225.73  226.72  227.72  228.72  229.71  230.71
  231.70  232.69  233.69  234.68  235.67  236.66  237.65  238.64  239.63  240.61
  241.60  242.59  243.57  244.56  245.54  246.53  247.51  248.50  249.48  250.46
  251.44  252.42  253.41  254.39  255.37  256.35  257.32  258.30  259.28  260.26
  261.24  262.21  263.19  264.17  265.14  266.12  267.09  268.07  269.04  270.02
  270.99  271.97  272.94  273.91  274.88  275.86  276.83  277.80  278.77  279.75
  280.72  281.69  282.66  283.63  284.60  285.57  286.54  287.51  288.48  289.45
  290.42  291.39  292.36  293.33  294.30  295.27  296.24  297.21  298.18  299.15
  300.12  301.09  302.05  303.02  303.99  304.96  305.93  306.90  307.87  308.83
  309.80  310.77  311.74  312.71  313.67  314.64  315.61  316.58  317.55  318.52
  319.48  320.45  321.42  322.38  323.35  324.31  325.28  326.25  327.21  328.18
  329.14  330.11  331.08  332.04  333.01  333.98  334.94  335.91  336.87  337.84
  338.81  339.77  340.74  341.71  342.68  343.64  344.61  345.58  346.55  347.51
  348.48  349.45  350.42  351.38  352.35  353.32  354.29  355.26  356.23  357.20
  358.17  359.14    0.11    1.08    2.05    3.02    3.99    4.96    5.93    6.90
    7.87    8.85    9.82   10.79   11.77   12.74   13.71   14.69   15.66   16.64
   17.61   18.59   19.57   20.54   21.52   22.50   23.48   24.46   25.43   26.41
   27.39   28.38   29.36   30.34   31.32   32.30   33.29   34.27   35.26   36.24
   37.23   38.21   39.20   40.19   41.18   42.17   43.16   44.15   45.14   46.13
   47.13   48.12   49.11   50.11   51.10   52.10   53.10   54.10   55.09   56.09
   57.10   58.10   59.10   60.10   61.11   62.11   63.12   64.12   65.13   66.14
   67.14   68.15   69.16   70.18   71.19   72.20   73.21   74.23   75.24   76.26
   77.28   78.30   79.31   80.33   81.36   82.38   83.40   84.42   85.45   86.47
   87.49   88.52   89.55   90.58   91.60   92.63   93.66   94.69   95.73   96.76
   97.79   98.82   99.86  100.89  101.93  102.97  104.00  105.04  106.08  107.12
  108.16  109.20  110.24  111.28  112.32  113.36  114.40  115.45  116.49  117.54
  118.58  119.62  120.67  121.71  122.76  123.81  124.85  125.90  126.95  127.99
  129.04  130.09  131.14  132.19  133.23  134.28  135.33  136.38  137.43  138.48
  139.52  140.57  141.62  142.67  143.72  144.77  145.81  146.86  147.91  148.96
  150.01  151.05  152.10  153.15  154.19  155.24  156.29  157.33  158.38  159.42
  160.46  161.51  162.55  163.60  164.64  165.68  166.72  167.76  168.80  169.84
  170.88  171.92  172.96  174.00  175.03  176.07  177.11  178.14  179.18  180.21
  181.24  182.27  183.31  184.34  185.37  186.40  187.42  188.45  189.48  190.51
  191.53  192.55  193.58  194.60  195.62  196.64  197.67  198.69  199.70  200.72
  201.74  202.76  203.77  204.79  205.80  206.81  207.82  208.84  209.85  210.86
  211.86  212.87  213.88  214.88  215.89  216.89  217.90  218.90  219.90  220.90
  221.91  222.91  223.90  224.90  225.90  226.90  227.89  228.89  229.88  230.87
  231.87  232.86  233.85  234.84  235.83  236.82  237.81  238.80  239.79  240.77
  241.76  242.74  243.73  244.71  245.70  246.68  247.66  248.64  249.62  250.61
  251.59  252.57  253.54  254.52  255.50  256.48  257.46  258.43  259.41  260.39
  261.36  262.34  263.31  264.29  265.26  266.23  267.21  268.18  269.15  270.13
  271.10  272.07  273.04  274.01  274.98  275.95  276.92  277.89  278.86  279.83
  280.80  281.77  282.74  283.71  284.68  285.65  286.62  287.58  288.55  289.52
  290.49  291.45  292.42  293.39  294.36  295.32  296.29  297.26  298.23  299.19
  300.16  301.13  302.09  303.06  304.02  304.99  305.96  306.92  307.89  308.86
  309.82  310.79  311.75  312.72  313.69  314.65  315.62  316.58  317.55  318.52
  319.48  320.45  321.41  322.37  323.34  324.30  325.26  326.23  327.19  328.16
  329.12  330.08  331.05  332.01  332.98  333.94  334.90  335.87  336.83  337.80
  338.76  339.73  340.69  341.66  342.62  343.59  344.55  345.52  346.48  347.45
  348.41  349.38  350.34  351.31  352.27  353.24  354.21  355.17  356.14  357.11
  358.07  359.04    0.01    0.98    1.95    2.91    3.88    4.85    5.82    6.79
    7.76    8.73    9.70   10.67   11.64   12.62   13.59   14.56   15.53   16.51
   17.48   18.45   19.43   20.40   21.38   22.35   23.33   24.31   25.28   26.26
   27.24   28.22   29.20   30.18   31.16   32.14   33.12   34.11   35.09   36.08
   37.06   38.05   39.03   40.02   41.01   41.99   42.98   43.97   44.96   45.95
   46.95   47.94   48.93   49.93   50.92   51.92   52.91   53.91   54.91   55.91
   56.91   57.91   58.91   59.92   60.92   61.92   62.93   63.94   64.94   65.95
   66.96   67.97   68.98   69.99   71.01   72.02   73.04   74.05   75.07   76
